<ticker>,<date>,<open>,<high>,<low>,<close>,<vol>
AA.P,20140917,88.43,88.43,88.43,88.43,100
AADR,20140917,38.54,38.54,38.08,38.08,2300
AAMC,20140917,675,705,675,695,6500
AAU,20140917,1.6,1.62,1.55,1.58,159600
ACIM,20140917,65.3,65.3,65.3,65.3,300
ACU,20140917,17.16,17.24,17.01,17.24,1500
ACWV,20140917,67.78,67.89,67.43,67.58,38800
ACY,20140917,11.88,11.88,11.3,11.52,2000
ADGE,20140917,1.15,1.16,1.11,1.13,26000
ADK,20140917,4.76,4.81,4.76,4.78,15500
ADK-A,20140917,26.74,26.74,26.43,26.71,5500
ADZ,20140917,30,30,30,30,100
AE,20140917,55.2,56,55,55,4800
AFK,20140917,32.37,32.4,32.01,32.01,15700
AGA,20140917,25.25,26.6,24.5,24.5,8100
AGF,20140917,13.19,13.37,13.19,13.37,6000
AGG,20140917,108.74,108.84,108.48,108.49,707200
AGOL,20140917,121.05,121.05,120.5,120.5,300
AGQ,20140917,55.53,56.22,54.42,54.47,175400
AGZ,20140917,112.18,112.35,112.18,112.22,7100
AIA,20140917,49.64,49.79,49.39,49.44,38800
AIRI,20140917,10.9,11,10.68,10.96,27500
AKG,20140917,2.43,2.55,2.4,2.46,229300
ALD,20140917,48.83,48.86,48.59,48.59,18000
ALFA,20140917,40.35,40.82,40.35,40.71,13500
ALN,20140917,1.19,1.22,1.19,1.22,88700
ALTL,20140917,36.11,36.11,36.1,36.11,1400
ALTV,20140917,7.38,7.45,7.38,7.42,17100
AMCO,20140917,0.18,0.18,0.16,0.17,21400
AMJ,20140917,52.99,53.36,52.77,53.13,1214200
AMLP,20140917,19.07,19.15,19.01,19.11,2426700
AMPE,20140917,3.67,3.73,3.58,3.6,446800
AMPS,20140917,50.3,50.5,50.2,50.25,2900
AMS,20140917,2.17,2.17,2.08,2.12,8100
AMU,20140917,33.41,33.5,33.29,33.47,29600
AMZG,20140917,4.91,4.99,4.6,4.68,247100
AND,20140917,11.17,11.28,11.16,11.18,24200
ANGL,20140917,27.86,28.06,27.81,27.91,2200
ANV,20140917,3.95,3.96,3.63,3.68,4502700
AOA,20140917,46.69,46.83,46.58,46.8,27700
AOK,20140917,32.71,32.74,32.64,32.66,21200
AOM,20140917,35.4,35.41,35.25,35.25,39600
AOR,20140917,40.13,40.23,40.07,40.12,31500
API,20140917,0.54,0.58,0.52,0.57,125600
APP,20140917,0.87,0.89,0.86,0.87,830000
APT,20140917,2.72,2.87,2.7,2.74,71200
APTS,20140917,8.52,8.6,8.51,8.57,85500
ARGT,20140917,22.09,22.22,21.82,21.88,15800
ASEA,20140917,17.08,17.08,17,17.01,5100
ASHR,20140917,25.42,25.46,25.22,25.28,373800
ASHS,20140917,31.98,32,31.87,32,700
ASM,20140917,1.81,1.84,1.74,1.78,87400
ATL,20140917,0.32,0.33,0.32,0.32,5300
ATMP,20140917,32.08,32.34,32.08,32.17,24800
ATNM,20140917,6.3,6.79,6.27,6.38,72900
AUD,20140917,94.44,94.44,94.44,94.44,600
AUMN,20140917,0.61,0.65,0.59,0.62,320000
AUNZ,20140917,20.27,20.27,20.17,20.17,5400
AUSE,20140917,60.23,60.23,59.2,59.26,45700
AVL,20140917,0.39,0.4,0.38,0.39,60500
AWX,20140917,3.62,3.62,3.6,3.62,1600
AXJL,20140917,70.51,70.51,70.51,70.51,200
AXJV,20140917,52.86,52.86,52.86,52.86,100
AXN,20140917,0.26,0.26,0.24,0.25,6500
AXU,20140917,0.93,0.94,0.91,0.91,87200
AXX,20140917,0.93,0.95,0.9,0.9,7700
AZC,20140917,3.32,3.44,3.28,3.33,22300
AZIA,20140917,13.81,13.87,13.81,13.87,700
BAA,20140917,0.2,0.21,0.19,0.19,1670200
BAB,20140917,29.45,29.47,29.27,29.3,187400
BABS,20140917,60.89,60.89,60.21,60.21,18200
BABZ,20140917,51.39,51.53,51.28,51.28,22900
BAL,20140917,44.37,44.37,44.11,44.16,1900
BAR,20140917,32.43,32.5,32,32.15,3200
BARL,20140917,41.2,41.7,41.2,41.4,3500
BARS,20140917,45.99,45.99,42.23,42.23,1900
BBH,20140917,105.44,105.98,104.39,105.39,105400
BBRC,20140917,23,23.03,22.76,22.81,124100
BCHP,20140917,20.03,20.03,20.03,20.03,200
BCM,20140917,38.01,38.05,37.96,37.97,3700
BCV,20140917,20.07,20.24,20.07,20.16,6900
BDCL,20140917,26.2,26.33,26,26.1,182200
BDCS,20140917,25.39,25.4,25.27,25.27,9400
BDD,20140917,8.78,8.78,8.54,8.63,1700
BDL,20140917,17.02,17.05,17.01,17.05,1000
BDR,20140917,1.31,1.4,1.31,1.35,56400
BFOR,20140917,31.27,31.38,31.16,31.25,21100
BFY,20140917,13.85,14.14,13.75,13.91,68000
BGI,20140917,1,1.01,1,1,1100
BHB,20140917,28.59,29.05,28.11,28.3,6400
BHV,20140917,16.18,16.18,16.12,16.12,1400
BIK,20140917,24.97,25.02,24.78,24.79,13100
BIL,20140917,45.76,45.76,45.75,45.75,718600
BIR-A,20140917,27.32,27.35,27.3,27.35,3000
BIV,20140917,83.96,84.17,83.71,83.76,287500
BIZD,20140917,20.27,20.32,20.24,20.28,4700
BJK,20140917,44.05,44.38,44,44.14,25600
BKF,20140917,40.23,40.31,39.81,39.82,27900
BKJ,20140917,11.29,11.35,11.05,11.35,2900
BKLN,20140917,24.46,24.48,24.44,24.44,2311400
BLE,20140917,14.34,14.38,14.32,14.34,26600
BLJ,20140917,14.29,14.47,14.29,14.32,3500
BLV,20140917,88.98,89.23,88.51,88.53,86200
BND,20140917,81.65,81.69,81.46,81.46,2606500
BNO,20140917,39.57,39.63,39.25,39.38,33600
BOIL,20140917,35.53,35.76,35.29,35.48,80800
BOM,20140917,13.83,13.83,13.24,13.24,1100
BOND,20140917,108.66,108.71,108.48,108.52,277600
BONE,20140917,5.33,5.35,4.99,4.99,123100
BQY,20140917,13.37,13.39,13.29,13.33,27800
BRAF,20140917,12.53,12.53,12.53,12.53,200
BRAQ,20140917,17.69,17.69,17.33,17.37,2700
BRAZ,20140917,13.52,13.52,13.5,13.52,4200
BRF,20140917,29.73,29.73,29.06,29.11,127500
BRG,20140917,13.5,13.62,13.4,13.46,21400
BRN,20140917,2.81,2.91,2.81,2.91,400
BRXX,20140917,16.21,16.25,15.93,15.94,12700
BRZS,20140917,25.21,27,25.21,26.91,95700
BRZU,20140917,26.54,26.54,24.81,24.9,94000
BSCE,20140917,21.1,21.11,21.08,21.09,30300
BSCF,20140917,21.86,21.86,21.83,21.84,99100
BSCG,20140917,22.33,22.34,22.31,22.32,93000
BSCH,20140917,22.8,22.82,22.78,22.78,75900
BSCI,20140917,21.15,21.16,21.1,21.1,85100
BSCJ,20140917,21.03,21.06,20.98,20.98,103500
BSCK,20140917,21.09,21.12,21,21.04,22100
BSCL,20140917,20.77,20.8,20.71,20.71,8600
BSCM,20140917,20.68,20.69,20.6,20.6,7500
BSJE,20140917,26.4,26.41,26.38,26.4,53900
BSJF,20140917,26.51,26.57,26.5,26.53,1124200
BSJG,20140917,26.76,26.84,26.75,26.83,272100
BSJH,20140917,26.86,26.89,26.85,26.87,75000
BSJI,20140917,26.85,26.97,26.85,26.88,73500
BSJJ,20140917,25.97,26,25.88,25.98,28100
BSJK,20140917,26.01,26.03,25.97,26,18900
BSV,20140917,80.06,80.14,79.96,79.97,1498500
BTAL,20140917,19.2,19.25,19.2,19.25,27200
BTG,20140917,2.15,2.22,2.1,2.13,2939300
BTI,20140917,118.36,118.43,117.5,117.94,121800
BTN,20140917,4.38,4.57,4.38,4.52,27000
BTX,20140917,3.61,3.66,3.57,3.63,153800
BUND,20140917,102.27,102.45,102.27,102.45,700
BUNL,20140917,25.96,25.96,25.96,25.96,2500
BUNT,20140917,42.63,42.7,42.32,42.67,800
BVX,20140917,4.33,4.4,4.16,4.27,16300
BWV,20140917,63.37,63.37,63.37,63.37,100
BWX,20140917,58.43,58.43,57.9,57.99,166300
BWZ,20140917,34.83,34.92,34.54,34.62,167800
BXE,20140917,6.85,6.87,6.74,6.78,367200
BXUB,20140917,192.59,192.59,192.59,192.59,100
BYLD,20140917,25.14,25.14,25.14,25.14,100
BZC,20140917,10,10.14,10,10.14,6000
BZF,20140917,18.77,18.83,18.53,18.63,65800
BZM,20140917,14.59,14.64,14.59,14.64,800
BZQ,20140917,53.23,55.86,53.23,55.83,10400
CAD,20140917,95.01,96.18,95.01,96.18,3000
CAFE,20140917,22.83,22.94,22.78,22.78,900
CAK,20140917,0.52,0.52,0.47,0.47,2249000
CANE,20140917,13.04,13.4,12.94,13.18,4800
CANF,20140917,3.58,3.61,3.46,3.61,23000
CAPE,20140917,74.15,74.25,74.15,74.15,900
CAW,20140917,3.52,3.59,3.47,3.59,27700
CBND,20140917,32.21,32.21,32.21,32.21,700
CCF,20140917,32.88,32.97,32.26,32.42,6500
CCX,20140917,19.57,19.63,19.31,19.54,14000
CCXE,20140917,30.93,30.93,30.93,30.93,200
CEF,20140917,13.1,13.14,12.93,12.96,520500
CEFL,20140917,28.73,28.78,27.77,27.83,105400
CEMB,20140917,51.42,51.43,51.08,51.25,4600
CEP,20140917,3.68,3.85,3.65,3.8,72500
CET,20140917,23.44,23.55,23.4,23.4,5300
CEV,20140917,12.29,12.32,12.25,12.28,7200
CEW,20140917,20.09,20.12,19.91,20.01,51400
CFD,20140917,14.2,14.3,14.19,14.27,51000
CFP,20140917,4.4,4.42,4.34,4.42,537400
CGW,20140917,28.63,28.69,28.49,28.5,11000
CH,20140917,9.2,9.31,9.18,9.28,147800
CHEP,20140917,28.31,28.32,28.3,28.32,5900
CHIE,20140917,16.31,16.31,16.31,16.31,100
CHII,20140917,12.72,12.73,12.72,12.72,2000
CHIM,20140917,15.79,15.85,15.78,15.84,18100
CHIQ,20140917,14.32,14.36,14.18,14.2,73000
CHIX,20140917,13.48,13.59,13.42,13.53,8400
CHLC,20140917,25.54,25.6,25.54,25.6,600
CHNA,20140917,24.29,24.32,24.27,24.32,2800
CHOC,20140917,44.99,45.79,44.99,45.64,5700
CHXX,20140917,18.7,18.72,18.7,18.72,1200
CIK,20140917,3.47,3.49,3.47,3.48,161500
CIU,20140917,109.45,109.52,109.12,109.12,488800
CIX,20140917,11.14,11.49,11.05,11.35,16500
CKX,20140917,15.42,15.42,15.42,15.42,100
CLM,20140917,5.98,6.07,5.98,6.04,184800
CLY,20140917,59.43,59.47,59.01,59.01,94700
CMBS,20140917,51.34,51.38,51.12,51.12,3200
CMD,20140917,65.1,65.1,63.22,65.1,700
CMF,20140917,116.28,116.28,116.05,116.05,13800
CMT,20140917,14.1,14.13,13.75,14,11500
CN,20140917,29.13,29.15,29.13,29.15,1600
CNDA,20140917,24.2,24.2,24.17,24.17,900
CNPF,20140917,12.22,12.33,12.07,12.3,17000
CNR,20140917,0.88,0.91,0.88,0.88,16200
CNXT,20140917,28.44,28.44,28.44,28.44,1000
CNY,20140917,42.62,42.85,42.53,42.85,800
COBO,20140917,100.35,100.55,100.35,100.4,1900
COLX,20140917,19.13,19.2,19.08,19.19,28700
COPX,20140917,9.84,9.84,9.67,9.68,18500
CORN,20140917,24.2,24.22,24.02,24.15,76200
CORP,20140917,102.58,102.68,102.28,102.28,5200
COVR,20140917,1.16,1.2,1.13,1.15,38900
COW,20140917,31.79,31.79,31.33,31.35,18500
CPER,20140917,21.32,21.32,21.32,21.32,100
CPHI,20140917,0.24,0.25,0.23,0.24,24300
CPI,20140917,26.56,26.6,26.56,26.6,3800
CQH,20140917,24.74,25.07,24.12,24.57,86600
CQP,20140917,32.88,32.95,32.55,32.55,170400
CQQQ,20140917,37.75,37.9,37.48,37.62,14000
CRBQ,20140917,44.24,44.24,44.22,44.22,1600
CRED,20140917,110.48,110.48,109.95,110.02,57900
CRF,20140917,5.59,5.62,5.56,5.61,102800
CRM.W,20140917,0.43,0.43,0.34,0.34,21700
CRMD,20140917,1.76,1.8,1.73,1.74,21200
CROC,20140917,42.93,43.84,42.85,43.77,8200
CROP,20140917,26.29,26.41,26.29,26.29,2400
CRV,20140917,3.31,3.31,3.23,3.23,500
CRVP,20140917,0.79,0.79,0.76,0.78,19000
CSCB,20140917,20,20.04,20,20.04,1400
CSCR,20140917,18.63,18.63,18.58,18.58,3200
CSD,20140917,46.45,46.71,46.2,46.43,68100
CSJ,20140917,105.31,105.35,105.26,105.29,606100
CSLS,20140917,24.89,24.89,24.89,24.89,100
CSM,20140917,97.99,98.54,97.71,98,22800
CSMA,20140917,19.98,20,19.94,19.94,3200
CTF,20140917,15.03,15.14,14.98,15.14,136600
CTO,20140917,52.84,53.49,52.09,52.68,11900
CTP,20140917,16.68,16.82,16.39,16.63,99200
CUO,20140917,17.46,17.46,16.62,16.62,2200
CUR,20140917,3.3,3.4,3.25,3.34,306400
CURE,20140917,105.52,106.88,103.4,105.63,68700
CUT,20140917,24.68,24.69,24.48,24.52,18300
CVM,20140917,0.91,0.94,0.9,0.92,191700
CVM.W,20140917,0.22,0.24,0.22,0.22,12700
CVOL,20140917,1.13,1.16,1.1,1.15,191600
CVU,20140917,10.65,10.73,10.61,10.65,3600
CVY,20140917,25.47,25.51,25.35,25.42,134800
CWB,20140917,50.42,50.69,50.3,50.51,572700
CWI,20140917,36.48,36.5,36.21,36.21,30000
CXA,20140917,23.6,23.7,23.6,23.69,3600
CYB,20140917,25.34,25.38,25.33,25.34,4700
CZA,20140917,49.67,49.86,49.57,49.66,6000
DAG,20140917,5.99,6.19,5.9,6.1,18500
DAKP,20140917,2.48,2.54,2.46,2.54,137000
DBA,20140917,25.48,25.6,25.38,25.52,154200
DBAP,20140917,27.65,27.65,27.27,27.49,8000
DBAW,20140917,26.55,26.55,26.55,26.55,100
DBB,20140917,17.33,17.33,17.17,17.18,463900
DBBR,20140917,16.26,16.28,16.16,16.16,2800
DBC,20140917,24.09,24.09,23.96,23.98,1000300
DBE,20140917,27.88,27.91,27.65,27.72,4700
DBEF,20140917,28,28.1,27.94,28.04,133700
DBEM,20140917,23.11,23.11,22.83,23.08,5900
DBEU,20140917,27.59,27.61,27.48,27.52,153100
DBGR,20140917,25.4,25.4,25.39,25.39,1500
DBIZ,20140917,28.05,28.05,28.03,28.03,800
DBJP,20140917,37.83,38.16,37.76,38.09,70700
DBO,20140917,27.95,28,27.65,27.74,105100
DBP,20140917,39.41,39.44,38.98,38.98,33600
DBS,20140917,30.64,30.73,30.32,30.34,10100
DBU,20140917,20.16,20.16,20.16,20.16,100
DBV,20140917,25.83,25.86,25.8,25.81,25900
DDG,20140917,22.21,22.32,22.2,22.32,800
DDM,20140917,124.97,125.89,124,125,269300
DEF,20140917,38.46,38.5,38.31,38.35,106800
DEJ,20140917,0.27,0.28,0.27,0.27,777700
DEM,20140917,52.06,52.14,51.58,51.65,325000
DES,20140917,68.17,68.4,68,68.06,32000
DEW,20140917,48.66,48.66,48.49,48.49,3600
DFE,20140917,54.87,55.02,54.56,54.66,111800
DFJ,20140917,52,52.07,51.65,51.87,48600
DFVL,20140917,59.09,59.23,59.09,59.23,200
DFVS,20140917,39.01,39.25,39.01,39.22,900
DGAZ,20140917,3.81,3.86,3.77,3.82,13011300
DGL,20140917,41.16,41.16,40.64,40.64,12900
DGP,20140917,25.89,25.94,25.25,25.28,192100
DGRO,20140917,25.53,25.58,25.46,25.53,27100
DGS,20140917,48.55,48.76,48.23,48.26,110200
DGSE,20140917,1.55,1.55,1.41,1.41,7400
DGT,20140917,72.51,72.51,72.1,72.39,1200
DGZ,20140917,15.06,15.23,15.05,15.23,42900
DHS,20140917,59.99,60.26,59.88,60.03,26900
DHY,20140917,3.14,3.16,3.13,3.16,235600
DI,20140917,51,51.05,51,51,5200
DIA,20140917,171.57,172.25,170.93,171.58,8498800
DIG,20140917,80.39,80.62,78.92,79.25,43900
DIM,20140917,59.02,59.02,58.27,58.39,115400
DIRT,20140917,37.84,37.84,37.84,37.84,100
DIT,20140917,82.2,82.2,82.2,82.2,100
DIV,20140917,29.38,29.42,29.24,29.29,102400
DIVI,20140917,24.54,24.54,24.27,24.27,4700
DJCI,20140917,22.51,22.57,22.5,22.55,3600
DJP,20140917,35.45,35.49,35.3,35.3,306600
DLA,20140917,8.84,9.2,8.84,8.97,6300
DLBS,20140917,28.04,28.5,28,28.5,58500
DLN,20140917,72.1,72.37,71.82,72.1,28500
DLS,20140917,61.59,61.72,61.17,61.29,42500
DMF,20140917,9.08,9.11,9.05,9.07,36800
DNL,20140917,53.2,53.2,52.85,52.85,2400
DNN,20140917,1.24,1.26,1.22,1.24,919800
DNO,20140917,33.19,33.4,33.19,33.38,2800
DOD,20140917,15.18,15.3,15.18,15.3,8100
DOG,20140917,24.53,24.6,24.44,24.53,335500
DOL,20140917,51.97,51.97,51.56,51.59,11900
DON,20140917,81.03,81.32,80.75,80.88,31200
DOO,20140917,48.64,48.72,48.33,48.33,8700
DPK,20140917,30.45,30.56,30.35,30.35,6700
DPU,20140917,14.89,14.89,14.89,14.89,100
DPW,20140917,1.35,1.4,1.25,1.31,76600
DRGS,20140917,50.82,50.82,50.8,50.8,300
DRN,20140917,58.21,59.21,57.5,57.78,128400
DRR,20140917,43.46,44.05,43.27,43.95,8400
DRV,20140917,37.14,37.67,36.71,37.67,64600
DRW,20140917,29.99,30.02,29.9,30.02,4300
DSI,20140917,74.9,74.9,74.58,74.77,8800
DSS,20140917,1.14,1.15,1.12,1.12,107100
DSUM,20140917,25.11,25.11,24.94,24.99,74300
DTD,20140917,72.56,72.84,72.41,72.55,8600
DTH,20140917,47.58,47.58,47.09,47.09,8600
DTN,20140917,74.34,74.57,74.1,74.34,19500
DTO,20140917,34.16,34.76,33.94,34.59,98400
DTUL,20140917,59.4,59.4,58.94,58.94,300
DTUS,20140917,37.53,37.93,37.53,37.64,600
DTYL,20140917,69.81,69.81,69.55,69.81,200
DTYS,20140917,26.73,27.48,26.51,27.43,67900
DUG,20140917,39.62,40.55,39.62,40.33,47200
DUST,20140917,20.2,21.86,20.11,21.66,5409600
DVHI,20140917,26.2,26.2,26.2,26.2,100
DVHL,20140917,27.66,27.77,27.56,27.6,11300
DVY,20140917,76.13,76.33,75.71,75.93,490500
DVYA,20140917,55.97,55.97,55.62,55.62,2800
DVYE,20140917,48.33,48.44,47.71,47.73,47700
DVYL,20140917,45.75,45.99,45.65,45.99,2500
DWAQ,20140917,68.64,68.64,68.44,68.44,1100
DWAS,20140917,38.01,38.01,37.47,37.53,63100
DWM,20140917,54.21,54.21,53.86,53.92,15100
DWTI,20140917,28.46,29.28,28.46,29.21,8300
DWX,20140917,48.64,48.64,48.14,48.19,284000
DXD,20140917,24.2,24.38,24.02,24.2,1025600
DXJ,20140917,51.19,51.65,51.13,51.55,3477400
DXJC,20140917,26.82,26.93,26.81,26.93,21200
DXJF,20140917,25.6,25.6,25.56,25.56,23300
DXJR,20140917,26.29,26.52,26.29,26.45,2600
DXJT,20140917,26.97,27.2,26.97,27.2,900
DXR,20140917,6.33,6.39,6.29,6.33,3000
DZK,20140917,73.02,73.36,71.69,72.11,12700
DZZ,20140917,6.96,7.13,6.96,7.12,475200
EAD,20140917,9.13,9.14,9.08,9.11,134900
EBND,20140917,30.41,30.45,30.22,30.22,10100
ECF,20140917,8.79,8.83,8.78,8.83,13500
ECH,20140917,43.2,43.42,43.06,43.09,148000
ECNS,20140917,49.08,49.31,48.98,49.06,2100
ECON,20140917,27.53,27.54,27.21,27.22,101800
EDC,20140917,32.46,32.62,31.44,31.46,848300
EDEN,20140917,50.06,50.84,50.06,50.4,6600
EDIV,20140917,39.72,39.72,39.14,39.23,59300
EDOG,20140917,27.5,27.5,27.35,27.35,3900
EDV,20140917,106.19,106.57,105.09,105.09,39400
EDZ,20140917,29.26,30.18,29.1,30.14,856400
EEB,20140917,37,37.05,36.67,36.67,12500
EEH,20140917,64.46,88.99,33.15,33.2,32800
EEHB,20140917,22.57,22.6,22.39,22.4,5600
EELV,20140917,28.81,28.9,28.6,28.62,44500
EEM,20140917,44.2,44.27,43.72,43.73,76121700
EEMS,20140917,51.01,51.01,50.36,50.42,10500
EEMV,20140917,61.89,61.95,61.41,61.5,114300
EES,20140917,79.99,80.35,79.69,80,14900
EET,20140917,83.95,84.4,83,83.8,4000
EEV,20140917,16.61,16.97,16.57,16.97,51700
EFA,20140917,65.93,66.1,65.53,65.69,19753900
EFAD,20140917,39.16,39.16,39,39.12,1100
EFAV,20140917,63.82,63.87,63.46,63.54,61200
EFG,20140917,70.01,70.06,69.61,69.68,42800
EFNL,20140917,33.89,33.98,33.78,33.8,8000
EFO,20140917,111.36,111.36,111.32,111.32,300
EFU,20140917,39.59,39.78,39.59,39.78,900
EFV,20140917,56.24,56.24,55.79,55.87,317500
EFZ,20140917,32.45,32.66,32.39,32.59,132500
EGAS,20140917,11.51,11.87,11.51,11.7,41600
EGI,20140917,0.26,0.26,0.25,0.25,176100
EGPT,20140917,73.57,74.15,73.08,74.15,2500
EIA,20140917,12.05,12.14,12.05,12.08,7500
EIDO,20140917,28.22,28.32,27.82,27.88,447000
EIM,20140917,12.5,12.54,12.49,12.54,75500
EIO,20140917,12.4,12.46,12.4,12.46,6700
EIP,20140917,12.87,12.93,12.75,12.76,4300
EIRL,20140917,35.14,35.24,34.9,34.93,15200
EIS,20140917,50.93,51.08,50.81,51.06,10100
EIV,20140917,12.44,12.46,12.4,12.45,21300
ELD,20140917,45.97,46.02,45.69,45.7,86400
ELLO,20140917,9.7,9.9,9.7,9.9,300
ELMD,20140917,1.45,1.49,1.45,1.49,13900
EMAG,20140917,23.58,23.58,23.58,23.58,100
EMAN,20140917,2.42,2.44,2.4,2.42,37500
EMB,20140917,113.61,113.66,113.23,113.28,487800
EMBB,20140917,64.99,64.99,64.99,64.99,100
EMCD,20140917,29.82,29.82,29.77,29.78,4400
EMCR,20140917,22.53,22.53,22.53,22.53,100
EMDD,20140917,24.68,24.73,24.68,24.73,500
EMDG,20140917,20.81,20.81,20.81,20.81,400
EMFM,20140917,26.8,26.81,26.59,26.59,37400
EMHD,20140917,19.98,19.98,19.98,19.98,4300
EMHY,20140917,51,51.15,50.91,51.04,8300
EMI,20140917,12.31,12.31,12.24,12.26,5300
EMJ,20140917,12.5,12.55,12.5,12.51,4200
EMLC,20140917,23.45,23.45,23.3,23.35,191500
EMLP,20140917,27.72,27.79,27.58,27.68,118900
EMSH,20140917,79.67,79.67,79.67,79.67,100
EMXX,20140917,0.66,0.69,0.64,0.66,200200
ENFR,20140917,31.04,31.04,30.7,30.8,2000
ENOR,20140917,30.66,30.86,30.63,30.71,418000
ENRJ,20140917,6.44,6.77,6.44,6.66,3100
ENSV,20140917,3.92,4.02,3.8,3.89,243200
ENX,20140917,12.27,12.35,12.25,12.34,62700
ENY,20140917,16.47,16.48,16.26,16.28,31200
ENZL,20140917,39.34,39.34,38.86,38.96,19700
EOX,20140917,7.6,7.73,7.39,7.5,1095000
EPHE,20140917,38.37,38.71,38.26,38.4,285800
EPI,20140917,22.64,22.67,22.37,22.4,4447800
EPM,20140917,10.2,10.37,10,10.05,63900
EPM-A,20140917,25.85,25.95,25.67,25.67,9200
EPOL,20140917,29.35,29.47,29.05,29.05,395200
EPP,20140917,48.75,48.79,48.22,48.31,289500
EPRO,20140917,31.94,32.05,31.89,31.89,1200
EPS,20140917,70.37,70.37,70.1,70.25,7200
EPU,20140917,36.47,36.47,36.11,36.14,47700
EPV,20140917,55.89,56.35,55.59,56.35,8400
EQL,20140917,55.55,55.74,55.42,55.55,6300
EQLT,20140917,26.82,26.82,26.82,26.82,100
ERB,20140917,3.53,3.58,3.5,3.52,30500
ERC,20140917,14.13,14.25,14.13,14.23,105700
ERH,20140917,12.76,12.83,12.73,12.78,18600
ERO,20140917,49.55,49.62,49.33,49.42,1600
ERUS,20140917,18.3,18.41,18.2,18.23,178600
ERX,20140917,111.3,111.88,107.72,108.67,350200
ERY,20140917,14.17,14.61,14.1,14.5,351000
ESBA,20140917,15.53,15.64,15.11,15.64,3100
ESP,20140917,22.63,22.9,22.62,22.74,3400
ESR,20140917,23.19,23.37,22.99,22.99,632300
ESTE,20140917,29.21,29.4,29.07,29.07,5700
ETAK,20140917,1.1,1.15,1.06,1.1,724900
ETF,20140917,14.53,14.64,14.4,14.47,9600
EU,20140917,22.68,22.68,22.68,22.68,800
EUDG,20140917,24.28,24.35,24.27,24.32,4100
EUFX,20140917,37.57,37.8,37.57,37.8,1300
EUM,20140917,24.08,24.29,24.01,24.27,142700
EUMV,20140917,24.39,24.4,24.38,24.4,400
EUO,20140917,18.99,19.29,18.96,19.24,1691300
EURL,20140917,38.64,38.67,37.97,38.03,4400
EURZ,20140917,36.66,36.99,36.41,36.99,2200
EUSA,20140917,43,43.21,43,43.21,4700
EVBN,20140917,23.17,23.46,23.17,23.46,300
EVI,20140917,2.7,2.79,2.69,2.72,7200
EVJ,20140917,12.12,12.21,12.09,12.21,21200
EVK,20140917,6.22,6.43,6.08,6.33,18800
EVM,20140917,11.44,11.48,11.41,11.46,56600
EVO,20140917,13.43,13.49,13.43,13.49,2100
EVP,20140917,12.04,12.06,12.04,12.05,4200
EVV,20140917,14.68,14.72,14.66,14.69,301100
EVX,20140917,65.82,65.82,65.82,65.82,400
EVY,20140917,13.41,13.57,13.41,13.51,7400
EWA,20140917,25.41,25.43,25.07,25.17,2695000
EWC,20140917,32.59,32.61,32.26,32.32,9255000
EWD,20140917,33.74,34.27,33.61,33.64,107500
EWEM,20140917,36.32,36.32,36.02,36.05,2400
EWG,20140917,29.09,29.21,28.86,28.92,2920500
EWGS,20140917,38.09,38.35,38.09,38.1,3600
EWH,20140917,21.5,21.57,21.39,21.46,2817400
EWHS,20140917,30.12,30.12,30.12,30.12,800
EWI,20140917,16.23,16.33,16.16,16.2,2755100
EWJ,20140917,11.73,11.77,11.65,11.72,31109200
EWK,20140917,16.74,16.78,16.57,16.61,73000
EWL,20140917,33.34,33.42,33.12,33.18,427200
EWM,20140917,15.65,15.7,15.51,15.52,1323100
EWN,20140917,24.66,24.68,24.44,24.48,93900
EWO,20140917,17.08,17.13,16.97,17.03,73700
EWP,20140917,40.47,40.65,40.26,40.33,789900
EWQ,20140917,27.55,27.59,27.31,27.36,274400
EWRI,20140917,50.85,51.05,50.76,50.76,3500
EWRM,20140917,51.04,51.26,50.87,50.87,24000
EWRS,20140917,45.03,45.03,44.85,44.85,1500
EWS,20140917,13.6,13.62,13.52,13.53,790400
EWSS,20140917,28,28.37,28,28.12,9300
EWT,20140917,16,16.06,15.93,15.95,8309800
EWU,20140917,20.11,20.16,19.98,20.05,2172400
EWUS,20140917,39.36,39.36,38.91,39.16,4800
EWV,20140917,62.86,63.35,62.83,62.97,13600
EWW,20140917,71.58,71.78,71.04,71.27,1504100
EWX,20140917,50.2,50.2,49.79,49.79,14100
EWY,20140917,64.27,64.67,64.04,64.08,2023800
EWZ,20140917,50.2,50.2,49.05,49.09,29358100
EWZS,20140917,19.35,19.38,19.05,19.05,17100
EXE,20140917,3.11,3.11,2.95,2.96,1900
EXI,20140917,71.46,71.87,71.46,71.46,6200
EXT,20140917,72.43,72.43,72.18,72.24,1700
EZA,20140917,68.76,69.42,67.58,67.84,375600
EZJ,20140917,83.93,84.16,83.55,83.78,2900
EZM,20140917,91.3,92.01,91.21,91.36,25700
EZU,20140917,40.01,40.18,39.76,39.84,11784000
EZY,20140917,62.98,62.98,62.98,62.98,100
FAB,20140917,47.29,47.34,46.91,47.09,12600
FAD,20140917,47,47.09,46.89,47,2200
FAN,20140917,11.92,11.98,11.91,11.92,46400
FAS,20140917,107.29,109.74,106.5,108.08,1962400
FAX,20140917,6,6,5.96,5.96,572400
FAZ,20140917,16.1,16.2,15.71,15.96,4217400
FBG,20140917,52.26,52.49,51.86,52.18,9800
FBGX,20140917,106.47,107.23,105.86,106.3,15500
FBT,20140917,91.73,92.31,90.99,91.69,139400
FBZ,20140917,20.64,20.64,20.64,20.64,100
FCA,20140917,23.34,23.34,23.34,23.34,100
FCAN,20140917,37.84,37.93,37.64,37.64,15300
FCG,20140917,19.85,19.99,19.76,19.84,224100
FCO,20140917,11.14,11.15,11.1,11.14,8000
FCOM,20140917,26.88,27.01,26.88,27,12000
FDD,20140917,13.96,14.01,13.9,13.92,86600
FDIS,20140917,27.63,27.71,27.6,27.68,13600
FDL,20140917,23.92,24.02,23.81,23.9,148000
FDM,20140917,31.2,31.27,30.99,31.27,1100
FDN,20140917,61.54,61.85,61.18,61.36,192300
FDT,20140917,51.56,51.6,51.25,51.25,2900
FDTS,20140917,36.84,36.84,36.84,36.84,200
FEEU,20140917,124.94,124.94,90,123.63,7600
FEM,20140917,25.4,25.44,25.21,25.24,86600
FEMS,20140917,38.34,38.47,38.12,38.23,42000
FEN,20140917,36.4,36.55,36.21,36.55,33500
FENY,20140917,27.77,27.91,27.59,27.59,77800
FEP,20140917,32.03,32.14,31.9,31.9,113400
FEU,20140917,38.03,38.12,37.78,37.85,48000
FEX,20140917,44.81,44.92,44.54,44.69,154600
FEZ,20140917,41.17,41.29,40.85,40.93,1937300
FFR,20140917,42.8,42.81,42.55,42.55,4600
FGD,20140917,27.9,27.9,27.62,27.65,115000
FGM,20140917,37.4,37.42,37.14,37.14,6200
FHK,20140917,39.6,39.86,39.56,39.56,2700
FHLC,20140917,30.83,30.94,30.64,30.82,56600
FIDU,20140917,28.01,28.28,28.01,28.18,41900
FIEG,20140917,128.96,128.96,128.09,128.09,3700
FIEU,20140917,128.93,128.94,128.14,128.14,5400
FIGY,20140917,128.2,128.44,127.68,127.68,3700
FINF,20140917,38.8,38.81,38.67,38.8,34700
FINU,20140917,74.19,75.19,73.38,74.9,4500
FISK,20140917,15.5,15.54,15.5,15.5,5700
FIVZ,20140917,79.14,79.14,79.14,79.14,100
FIW,20140917,33.23,33.37,33.1,33.16,26900
FJP,20140917,46.7,46.89,46.58,46.7,40300
FKO,20140917,28.73,28.73,28.68,28.68,1900
FKU,20140917,40.2,40.2,39.86,39.92,7500
FLAG,20140917,32.38,32.4,32.2,32.2,9400
FLGE,20140917,106.21,106.98,105.62,106.18,7400
FLM,20140917,50.12,50.12,50.12,50.12,100
FLN,20140917,23.88,24.07,23.87,24.07,900
FLOT,20140917,50.79,50.8,50.78,50.79,635900
FLRN,20140917,30.69,30.69,30.64,30.69,21200
FLTR,20140917,25.1,25.14,25.1,25.14,5900
FM,20140917,38.9,38.99,38.73,38.89,173700
FMAT,20140917,28.77,28.83,28.56,28.73,25100
FMF,20140917,49.41,49.41,49.4,49.4,200
FMK,20140917,26.93,27.06,26.93,26.94,3500
FMLP,20140917,24.22,24.22,24.18,24.18,800
FNCL,20140917,27.65,27.88,27.65,27.74,36400
FNDA,20140917,29.03,29.12,28.9,28.95,40000
FNDB,20140917,29.57,29.65,29.48,29.54,39300
FNDC,20140917,27.75,27.86,27.68,27.69,3700
FNDE,20140917,28.22,28.22,27.97,27.97,27400
FNDF,20140917,28.53,28.56,28.38,28.38,15100
FNDX,20140917,29.63,29.74,29.48,29.62,179700
FNI,20140917,30.91,30.91,30.69,30.7,1700
FNIO,20140917,32.54,32.55,32.44,32.54,8900
FNK,20140917,31.52,31.52,31.36,31.48,10900
FNX,20140917,52.8,52.98,52.52,52.71,56600
FNY,20140917,28.74,28.88,28.74,28.85,3800
FOIL,20140917,29.9,30.07,29.83,29.83,8100
FORX,20140917,46.9,46.9,46.9,46.9,100
FPA,20140917,31.51,31.78,31.39,31.61,133200
FPE,20140917,19.08,19.14,19,19.08,32600
FPI,20140917,11.54,11.59,11.14,11.24,66500
FPP,20140917,3.87,3.95,3.85,3.87,9500
FPP.W,20140917,0.69,0.69,0.62,0.69,1400
FPX,20140917,49.57,49.82,49.32,49.58,75300
FRAK,20140917,31.76,31.95,31.58,31.58,18000
FRD,20140917,8.1,8.18,8.1,8.11,25100
FRI,20140917,20.32,20.4,20.22,20.24,29000
FRN,20140917,17.3,17.3,17.17,17.17,10500
FRS,20140917,27,27.1,26.76,27,2800
FSI,20140917,1.63,1.63,1.53,1.61,30500
FSP,20140917,11.7,11.84,11.62,11.63,421000
FSTA,20140917,27.65,27.73,27.58,27.61,19100
FSZ,20140917,40.47,40.55,40.39,40.41,15000
FTA,20140917,43.98,44.08,43.71,43.85,126500
FTC,20140917,44.59,44.68,44.36,44.45,25900
FTEC,20140917,30.52,30.67,30.39,30.54,52700
FTF,20140917,12.65,12.65,12.59,12.61,70000
FTLS,20140917,29.84,29.84,29.81,29.84,800
FTW,20140917,37.23,37.23,36.81,36.81,800
FTY,20140917,43.73,43.75,43.55,43.59,41600
FUD,20140917,22.23,22.25,22.23,22.25,200
FUTY,20140917,27.96,28.02,27.82,27.84,15300
FVD,20140917,23.01,23.07,22.92,22.93,159800
FVI,20140917,27,27.06,26.95,26.97,1800
FVL,20140917,20.49,20.49,20.33,20.35,3000
FWDB,20140917,26.04,26.04,26,26,300
FWDI,20140917,29.21,29.21,29.21,29.21,300
FWV,20140917,22.4,22.4,20.75,21.55,7300
FXA,20140917,90.66,90.77,89.62,89.77,188400
FXB,20140917,160.63,160.82,159.78,160.06,137700
FXC,20140917,90.69,90.96,90.24,90.36,127200
FXD,20140917,33.79,33.96,33.7,33.8,128000
FXE,20140917,127.77,127.92,126.72,126.89,903100
FXF,20140917,104.54,104.59,103.74,103.84,34300
FXG,20140917,40.02,40.07,39.81,39.91,133400
FXH,20140917,56.69,56.96,56.35,56.68,162600
FXI,20140917,40.65,40.69,40.21,40.34,22206300
FXL,20140917,33.32,33.62,33.31,33.45,89500
FXN,20140917,27.61,27.71,27.38,27.45,151600
FXO,20140917,22.4,22.54,22.4,22.42,156300
FXP,20140917,48.4,49.2,48.12,48.91,45500
FXR,20140917,30.63,30.74,30.49,30.58,137500
FXS,20140917,139.28,139.28,138.91,138.91,1000
FXU,20140917,23.32,23.41,23.2,23.28,52300
FXY,20140917,90.76,90.78,89.86,89.97,243400
FXZ,20140917,33.83,33.91,33.57,33.68,64000
FYC,20140917,28.89,29.02,28.82,28.89,14900
FYLD,20140917,26.13,26.15,25.96,25.96,13700
FYT,20140917,31.62,31.71,31.5,31.52,40700
FYX,20140917,47.02,47.37,47.02,47.08,29600
GAF,20140917,74.17,74.17,72.45,73.04,10000
GAL,20140917,35.48,35.48,35.2,35.2,4800
GASL,20140917,33.33,33.5,32.4,32.75,49800
GASX,20140917,19.25,19.7,18.98,19.53,19700
GAZ,20140917,2.54,2.55,2.53,2.55,17800
GBB,20140917,43.51,43.57,43.51,43.57,300
GBF,20140917,112.07,112.36,111.89,111.89,7400
GBR,20140917,1.75,1.75,1.67,1.67,15100
GCC,20140917,25.37,25.44,25.37,25.37,51300
GCE,20140917,18.51,18.51,18.51,18.51,100
GDAY,20140917,33.35,33.35,33.35,33.35,300
GDX,20140917,24.04,24.08,23.39,23.43,41435400
GDXJ,20140917,39.1,39.57,37.27,37.6,11358200
GERJ,20140917,28.85,28.85,28.85,28.85,300
GEUR,20140917,12.92,12.92,12.88,12.88,1400
GEX,20140917,62.68,63.06,62.5,62.59,7500
GGBP,20140917,12.28,12.28,12.28,12.28,200
GGGG,20140917,11.25,11.25,11.16,11.16,2200
GGN,20140917,10.24,10.25,10.11,10.16,422500
GGN-B,20140917,21.65,21.65,21.53,21.53,600
GHYG,20140917,52.53,52.78,52.44,52.65,8000
GIG,20140917,1.19,1.19,1.15,1.18,35300
GII,20140917,50.09,50.16,50.02,50.16,1300
GIVE,20140917,61.9,61.9,61.9,61.9,100
GLD,20140917,118.95,119.24,117.5,117.54,8328700
GLDX,20140917,14.22,14.3,13.69,13.8,41000
GLL,20140917,93.57,96.18,93.57,96.18,49600
GLO,20140917,12.39,12.42,12.32,12.36,68400
GLOW,20140917,1.37,1.37,1.33,1.36,30300
GLQ,20140917,14.77,14.78,14.7,14.73,28700
GLTR,20140917,66.67,66.67,65.92,65.92,13600
GLU,20140917,19.76,19.91,19.76,19.8,5200
GLU-A,20140917,50.26,50.27,50.17,50.2,2300
GLV,20140917,14.94,15.01,14.87,14.87,11800
GMF,20140917,87.22,87.4,86.63,86.63,23800
GMFS,20140917,45.52,45.52,45.52,45.52,100
GML,20140917,67.44,67.75,67.11,67.32,1300
GMM,20140917,70.05,70.25,69.56,69.56,331500
GMMB,20140917,53.43,53.43,53.43,53.43,400
GMO,20140917,0.93,0.94,0.9,0.91,126700
GNAT,20140917,21.77,21.77,21.71,21.72,1200
GNR,20140917,51.17,51.26,50.85,50.86,19600
GORO,20140917,5.77,6.04,5.74,5.79,586400
GOVT,20140917,24.73,24.74,24.66,24.67,51100
GPL,20140917,1.24,1.27,1.17,1.2,943000
GQRE,20140917,53.57,53.57,53.57,53.57,100
GRC,20140917,30.83,31.7,30.71,31.06,65800
GREK,20140917,20.05,20.08,19.76,19.78,416400
GRES,20140917,28.7,28.71,28.52,28.55,37700
GRF,20140917,7.75,7.75,7.75,7.75,100
GRH,20140917,1.62,1.75,1.61,1.68,433600
GRH-C,20140917,25.75,25.75,25.7,25.7,1000
GRI,20140917,42.2,42.2,41.91,42.2,5300
GRN,20140917,7.25,7.25,7.13,7.2,2500
GRU,20140917,4.67,4.69,4.65,4.65,12000
GSAT,20140917,3.78,3.99,3.78,3.92,5593400
GSB,20140917,2.36,2.48,2.35,2.4,11700
GSC,20140917,44.38,44.38,44.2,44.2,700
GSG,20140917,30.48,30.48,30.25,30.29,88000
GSP,20140917,30.81,30.81,30.59,30.61,49000
GSS,20140917,0.5,0.5,0.47,0.48,1059000
GST,20140917,6.84,6.84,6.57,6.71,2064900
GST-A,20140917,25.27,25.35,25.27,25.35,5700
GST-B,20140917,28.1,28.1,27.96,28,5500
GSV,20140917,0.66,0.66,0.61,0.65,81400
GSY,20140917,50.19,50.19,50.16,50.18,73900
GTAA,20140917,25.45,25.49,25.45,25.49,700
GTE,20140917,6.27,6.28,6.01,6.05,981500
GTIP,20140917,50.93,50.95,50.53,50.53,2500
GTT,20140917,12.7,12.91,12.53,12.82,74500
GTU,20140917,42.6,42.62,42,42.02,39300
GUNR,20140917,36.14,36.18,35.87,35.87,137700
GUR,20140917,37.36,37.47,37.2,37.23,46000
GURI,20140917,16.15,16.15,16.15,16.15,100
GURU,20140917,26.78,26.95,26.7,26.84,91600
GURX,20140917,14.62,14.62,14.62,14.62,100
GV,20140917,1.97,2.03,1.97,1.98,89800
GVAL,20140917,24.16,24.2,24,24,7100
GVI,20140917,110.2,110.3,109.72,110.08,67200
GVP,20140917,1.65,1.7,1.63,1.68,13800
GWL,20140917,29.32,29.37,29.16,29.2,45200
GWX,20140917,33.87,33.99,33.67,33.7,44300
GXC,20140917,80.79,81.09,80.47,80.53,120400
GXF,20140917,25.38,25.45,25.28,25.35,18100
GXG,20140917,19.6,19.67,19.55,19.65,52100
GYEN,20140917,12.8,12.8,12.77,12.77,1900
GYLD,20140917,26.98,27.26,26.83,26.9,67100
HAO,20140917,27.29,27.4,27.17,27.18,67500
HAP,20140917,39,39.04,38.8,38.86,16500
HDG,20140917,42.33,42.37,42.33,42.34,2000
HDGE,20140917,11.44,11.5,11.42,11.49,95000
HDGI,20140917,20.04,20.07,20.04,20.05,800
HDV,20140917,76.44,76.72,76.18,76.38,949000
HEB,20140917,0.32,0.34,0.32,0.34,2031100
HECO,20140917,36.15,36.2,36.06,36.2,900
HEDJ,20140917,58.53,58.86,58.45,58.63,581200
HEWG,20140917,24.14,24.2,24.08,24.14,387700
HEWJ,20140917,25.61,25.83,25.61,25.83,3300
HGI,20140917,19.4,19.4,19.33,19.35,4000
HH,20140917,0.57,0.64,0.57,0.61,21000
HILO,20140917,16.86,16.88,16.73,16.73,16900
HKOR,20140917,37.2,37.2,37,37,200
HLM.P,20140917,30.75,30.87,30.5,30.77,1100
HMG,20140917,16.44,16.44,16.44,16.44,100
HNW,20140917,20.28,20.34,20.21,20.25,33800
HRT,20140917,7.2,7.25,7.06,7.25,6400
HSPX,20140917,46.94,46.98,46.88,46.98,1900
HTM,20140917,0.59,0.6,0.59,0.59,145200
HUSA,20140917,0.33,0.38,0.33,0.36,444100
HVPW,20140917,24.38,24.46,24.36,24.44,6500
HYD,20140917,30.51,30.52,30.42,30.47,209400
HYEM,20140917,25.67,25.72,25.53,25.69,39600
HYG,20140917,92.87,93.09,92.76,92.99,4399300
HYGH,20140917,98.29,98.41,98.17,98.38,17600
HYHG,20140917,78.1,78.48,77.85,78.42,18900
HYLD,20140917,51.61,51.71,51.49,51.49,577500
HYMB,20140917,56.5,56.5,56.34,56.34,38300
HYS,20140917,104.91,104.95,104.83,104.85,288200
HYXU,20140917,55.22,55.3,54.9,54.94,10300
IAF,20140917,8.59,8.59,8.46,8.47,107400
IAI,20140917,40.18,40.75,40.08,40.56,64500
IAK,20140917,48.27,48.37,48.2,48.2,3000
IAT,20140917,34.17,34.45,33.98,34.21,333600
IAU,20140917,11.98,12,11.83,11.83,1810000
IBCB,20140917,99.62,99.64,99.62,99.64,400
IBCC,20140917,98.66,98.86,98.62,98.86,500
IBCD,20140917,97.99,98.05,97.64,98.05,1300
IBCE,20140917,95.67,95.67,95.04,95.61,600
IBDA,20140917,101.22,101.22,101.22,101.22,600
IBDB,20140917,102.66,102.94,102.66,102.76,2400
IBDC,20140917,104,104.47,104,104.23,1300
IBDD,20140917,104.36,104.36,103.9,103.9,800
IBDF,20140917,99.98,99.98,99.98,99.98,100
IBDH,20140917,99.66,99.67,99.66,99.67,400
IBIO,20140917,0.73,0.81,0.71,0.75,1016200
IBLN,20140917,25.87,25.88,25.64,25.73,48100
IBMD,20140917,52.85,52.85,52.83,52.85,30200
IBME,20140917,53.48,53.56,53.45,53.53,14200
IBMF,20140917,55.24,55.25,55.15,55.18,27300
IBMG,20140917,25.59,25.64,25.55,25.58,41800
IBMH,20140917,25.42,25.43,25.35,25.36,16300
IBMI,20140917,25.16,25.18,25.12,25.12,4400
IBND,20140917,36.11,36.18,35.83,35.91,49500
IBO,20140917,1,1,1,1,100
ICF,20140917,87.13,87.65,86.74,86.81,533400
ICI,20140917,41.57,41.57,41.57,41.57,200
ICN,20140917,21.35,21.35,21.25,21.27,1900
ICOL,20140917,26.7,26.7,26.7,26.7,100
ICSH,20140917,50.02,50.02,50.02,50.02,500
IDHB,20140917,29.57,30.1,29.57,29.63,22800
IDHQ,20140917,19.92,20.04,19.92,20.03,6000
IDI,20140917,0.52,0.53,0.46,0.52,23100
IDLV,20140917,32.9,32.94,32.7,32.72,25600
IDN,20140917,4.8,4.93,4.65,4.66,32400
IDOG,20140917,29.47,29.52,29.3,29.3,37000
IDU,20140917,108.16,108.16,107.05,107.46,62300
IDV,20140917,37.55,37.55,37.2,37.25,1803200
IDX,20140917,26.26,26.28,25.68,25.77,174500
IDXJ,20140917,14.54,14.54,14.54,14.54,300
IEC,20140917,4.89,4.95,4.89,4.94,2000
IEF,20140917,103.08,103.27,102.62,102.63,2704600
IEFA,20140917,59.9,60.03,59.52,59.66,218500
IEI,20140917,121.18,121.82,120.84,120.88,187900
IEIL,20140917,25.12,25.17,24.99,24.99,123700
IEIS,20140917,24.06,24.11,24.01,24.08,86200
IELG,20140917,31.08,31.19,31.05,31.19,5600
IEMG,20140917,53.04,53.06,52.48,52.48,1868700
IEO,20140917,92.54,92.79,91.8,92.1,66500
IESM,20140917,30.46,30.49,30.34,30.36,4900
IEUR,20140917,47.54,47.61,47.28,47.36,38200
IEV,20140917,46.62,46.71,46.29,46.37,617200
IEZ,20140917,70.6,70.63,69.36,69.54,39600
IF,20140917,9.96,10.04,9.9,9.91,10300
IFMI,20140917,2.05,2.05,2,2.01,11100
IG,20140917,7.82,7.87,7.6,7.69,507600
IGC,20140917,0.88,0.88,0.84,0.86,34900
IGC.W,20140917,0.01,0.02,0.01,0.02,28200
IGE,20140917,47.59,47.61,47.12,47.17,107200
IGF,20140917,43.67,43.67,43.35,43.39,59700
IGHG,20140917,80.71,81,80.65,80.79,7300
IGM,20140917,99.12,99.68,98.98,99.24,98300
IGN,20140917,35.5,35.55,35.38,35.39,16700
IGS,20140917,29.72,29.75,29.68,29.75,1500
IGU,20140917,57.57,57.57,57.5,57.5,2800
IGV,20140917,87.86,88.09,87.31,87.59,634400
IGZ,20140917,9.57,9.57,9.57,9.57,100
IHDG,20140917,25.69,25.72,25.69,25.71,1800
IHE,20140917,141.22,142.21,140.95,141.67,29600
IHF,20140917,109.9,110.13,109.32,109.6,23300
IHI,20140917,103.09,103.36,102.44,102.97,16700
IHT,20140917,1.96,2.23,1.68,1.84,18800
IHY,20140917,27,27.06,26.89,26.95,119000
IJH,20140917,142.64,143.15,141.89,142.35,881800
IJJ,20140917,126.2,126.66,125.81,126.01,61900
IJK,20140917,157.19,157.8,156.46,156.96,53400
IJNK,20140917,24.29,24.37,24.29,24.37,900
IJR,20140917,108.68,109.44,108.37,108.91,293900
IJS,20140917,112.54,113.11,112.22,112.56,47100
IJT,20140917,116.55,117.47,116.29,116.85,52300
ILB,20140917,49.75,49.76,49.15,49.15,6000
ILF,20140917,41.24,41.4,40.56,40.57,488400
ILTB,20140917,60.42,60.5,60.13,60.23,13100
IMH,20140917,6.54,6.63,6.54,6.57,2800
IMLP,20140917,34.31,34.55,34.25,34.46,104300
IMO,20140917,51.42,51.42,50.63,50.72,149300
IMUC,20140917,1.01,1.02,0.95,0.97,1596700
INCO,20140917,31.43,31.66,31.42,31.57,4400
INDA,20140917,30.89,30.89,30.49,30.5,371700
INDL,20140917,97.34,98,94.79,94.79,35700
INFU,20140917,3.01,3.1,2.96,3.02,259600
INKM,20140917,32.29,32.34,32.27,32.27,3800
INP,20140917,71.33,71.58,70.57,70.78,18300
INS,20140917,1.46,1.5,1.39,1.5,700
INTT,20140917,5.35,5.44,5.17,5.3,182100
INUV,20140917,1.51,1.51,1.43,1.49,228900
INXX,20140917,13.63,13.68,13.48,13.48,130900
INY,20140917,23.05,23.05,23.05,23.05,100
IOO,20140917,78.97,79.09,78.54,78.83,22500
IOT,20140917,5.85,5.9,5.65,5.66,3800
IPAC,20140917,50.2,50.36,49.96,50.17,32000
IPB,20140917,26.88,27.15,26.88,27.1,2300
IPD,20140917,38.17,38.17,38.02,38.02,300
IPE,20140917,55.94,56.03,55.64,55.66,26200
IPF,20140917,22.66,22.66,22.66,22.66,800
IPFF,20140917,24.13,24.66,23.95,24.29,35900
IPK,20140917,32.08,32.08,32.08,32.08,100
IPN,20140917,31.05,31.05,31.05,31.05,200
IPO,20140917,23.5,23.58,23.4,23.46,42100
IPS,20140917,40.72,40.72,40.48,40.48,1700
IPU,20140917,19.32,19.32,19.25,19.25,300
IPW,20140917,26.88,26.93,26.88,26.9,14200
IQDE,20140917,27,27.01,26.9,26.91,5600
IQDF,20140917,27.79,27.82,27.63,27.63,64500
IQDY,20140917,28.26,28.26,28.11,28.12,6400
IRT,20140917,10.05,10.24,9.97,9.99,97900
IRY,20140917,49.48,49.48,49.08,49.2,14600
ISDR,20140917,9.39,9.39,9.39,9.39,100
ISL,20140917,17.48,17.81,17.36,17.81,3700
ISR,20140917,2.36,2.37,2.3,2.3,295400
ISRA,20140917,31.38,31.41,31.34,31.34,1800
IST,20140917,26.61,26.71,26.45,26.46,12100
ISTB,20140917,100.21,100.23,100.05,100.05,9700
ITA,20140917,110.23,110.71,109.85,110.2,35600
ITB,20140917,23.82,24.31,23.73,24.13,10493700
ITE,20140917,59.49,59.53,59.37,59.37,6800
ITF,20140917,50.53,50.62,50.14,50.43,9200
ITI,20140917,1.82,1.82,1.67,1.68,92200
ITIP,20140917,47.24,47.26,47,47.09,9300
ITLT,20140917,56.99,57.25,56.99,57.25,5000
ITLY,20140917,29.55,29.63,29.4,29.54,14100
ITM,20140917,23.38,23.41,23.31,23.31,343800
ITOT,20140917,91.65,92.03,91.22,91.62,76900
ITR,20140917,34.12,34.14,34.01,34.06,69500
IUSB,20140917,100.09,100.09,100.09,100.09,1300
IUSG,20140917,75.99,76.24,75.62,75.91,7700
IUSV,20140917,134.15,134.49,133.5,133.83,18200
IVE,20140917,92.22,92.61,91.78,92.2,821500
IVOG,20140917,96.8,97.06,96.65,96.88,3600
IVOO,20140917,96.35,96.66,96.2,96.25,15600
IVOV,20140917,95.64,95.86,95.41,95.52,6800
IVV,20140917,202.11,202.99,201.07,202.05,4295900
IVW,20140917,108.29,108.78,107.71,108.29,726400
IWB,20140917,112.21,112.7,111.68,112.17,531900
IWC,20140917,72.68,73.43,72.68,72.97,124900
IWD,20140917,102.77,103.24,102.29,102.7,1193200
IWF,20140917,93.05,93.45,92.58,93.01,1197500
IWL,20140917,45.7,45.84,45.65,45.84,1900
IWM,20140917,114.49,115.47,114.19,114.73,45548200
IWN,20140917,98.7,99.36,98.38,98.8,595900
IWO,20140917,134.81,135.93,134.38,135.09,713000
IWP,20140917,90.75,91.19,90.47,90.73,146000
IWR,20140917,163.32,164.03,162.7,163.24,160400
IWS,20140917,72.4,72.76,72.14,72.38,192900
IWV,20140917,119.51,120.01,119.03,119.41,57500
IWX,20140917,43.73,43.9,43.51,43.68,5000
IWY,20140917,49.01,49.23,48.89,49.12,7100
IXC,20140917,45.94,46.03,45.6,45.62,35300
IXG,20140917,58.01,58.13,57.86,57.86,19100
IXJ,20140917,98.34,98.62,97.99,98.3,56100
IXN,20140917,92.75,93.19,92.48,92.68,19800
IXP,20140917,64.22,64.38,63.87,64.01,65300
IXUS,20140917,58.36,58.45,57.94,57.98,112000
IYC,20140917,127.07,127.6,126.85,127.06,103800
IYE,20140917,54.39,54.45,53.83,54,344300
IYF,20140917,85.15,85.83,84.98,85.43,133200
IYG,20140917,87.41,88,87.19,87.57,27300
IYH,20140917,135.7,136.39,134.99,135.87,146000
IYJ,20140917,103.77,104.3,103.66,103.93,73100
IYK,20140917,100.69,100.81,100.32,100.48,23800
IYLD,20140917,26.33,26.34,26.2,26.2,25400
IYM,20140917,88.14,88.88,88.14,88.48,88100
IYR,20140917,71.7,72.1,71.37,71.43,18717900
IYT,20140917,154.58,155.92,154.25,155.07,731000
IYW,20140917,102.07,102.66,101.72,102.27,349100
IYY,20140917,101.27,101.69,100.59,101.11,19100
IYZ,20140917,30.58,30.83,30.57,30.69,221800
JDST,20140917,11.73,13.38,11.33,13.02,5129700
JEM,20140917,37.26,37.3,37.25,37.3,6600
JGBD,20140917,16.34,16.34,16.28,16.31,2500
JGBS,20140917,18.55,18.62,18.55,18.62,600
JJA,20140917,40.59,40.97,40.59,40.97,4100
JJC,20140917,38.17,38.19,37.92,37.97,9500
JJE,20140917,17.35,17.35,17.35,17.35,300
JJG,20140917,34.95,35.13,34.91,35.05,30000
JJM,20140917,30.42,30.42,30.42,30.42,300
JJN,20140917,24.38,24.43,23.76,24.38,1400
JJP,20140917,60.54,60.54,60.54,60.54,100
JJS,20140917,43.47,43.47,43.47,43.47,100
JJT,20140917,47.26,47.26,47.26,47.26,100
JJU,20140917,21.15,21.15,18.36,19.06,16600
JKD,20140917,117.45,117.62,116.96,117.43,115100
JKE,20140917,110.02,110.45,109.41,109.94,5000
JKF,20140917,86.54,86.75,86.24,86.56,12500
JKG,20140917,143.05,143.12,142.45,142.71,8100
JKH,20140917,152.75,152.77,152.35,152.35,2000
JKI,20140917,124.91,124.95,124.31,124.31,54000
JKJ,20140917,135.79,135.79,135.23,135.23,1600
JKK,20140917,130.74,130.74,130.71,130.71,800
JKL,20140917,125.7,126.23,125.25,126.15,5800
JNK,20140917,40.59,40.71,40.57,40.64,4330700
JNUG,20140917,19.15,19.84,16.48,17.05,5154600
JO,20140917,34.52,35.13,34.48,34.91,34500
JOB,20140917,0.17,0.19,0.17,0.19,49500
JPGE,20140917,50.44,50.44,50.31,50.42,1200
JPMV,20140917,51.12,51.23,51.12,51.21,1200
JPNL,20140917,45.76,45.89,45.35,45.57,3900
JPP,20140917,45.02,45.19,45,45.19,43400
JRS,20140917,10.67,10.77,10.67,10.73,58200
JSC,20140917,50.31,50.37,50.17,50.25,1000
JUNR,20140917,15.28,15.48,15,15,16900
JXI,20140917,48.67,48.73,48.36,48.45,15900
KBA,20140917,34.07,34.07,34.07,34.07,100
KBE,20140917,33.05,33.41,32.95,33.16,1630600
KBWB,20140917,37.58,37.9,37.51,37.67,7700
KBWC,20140917,52.17,52.17,52.17,52.17,100
KBWD,20140917,25.76,25.82,25.69,25.72,67800
KBWP,20140917,39.45,39.52,39.45,39.52,1200
KBWR,20140917,38.07,38.38,37.88,38.19,3000
KBWY,20140917,32.19,32.3,32.03,32.04,14400
KCE,20140917,49.39,49.48,49.31,49.48,3500
KFYP,20140917,68.44,68.82,68.44,68.82,900
KIE,20140917,64.46,64.58,64.27,64.3,10900
KLD,20140917,83.21,83.47,82.93,83.33,3600
KNOW,20140917,66.65,66.72,66.37,66.69,1500
KOL,20140917,18.48,18.49,18.3,18.31,33500
KOLD,20140917,47.6,48.22,47.5,47.72,15400
KORU,20140917,52.4,52.4,52.4,52.4,200
KORZ,20140917,20.96,21.15,20.96,21.03,2700
KRE,20140917,39.4,39.9,39.21,39.51,4150500
KROO,20140917,18.86,18.86,18.86,18.86,100
KRS,20140917,28.86,29.06,28.6,28.85,10200
KRU,20140917,84.08,84.08,84.08,84.08,200
KWT,20140917,82.5,82.5,81.83,81.83,400
KXI,20140917,89.43,89.57,89.13,89.15,3600
LAG,20140917,57.45,57.54,57.4,57.4,9500
LAQ,20140917,30.27,30.28,29.93,30.11,11700
LATM,20140917,18.96,18.96,18.96,18.96,200
LBJ,20140917,27.69,27.86,26.99,27.01,6600
LBMH,20140917,3.07,3.1,3.04,3.09,76000
LBND,20140917,41.34,41.34,40.77,40.87,4400
LBY,20140917,26.67,27.69,26.67,27.54,67300
LDUR,20140917,101.59,101.6,101.53,101.53,500
LEDD,20140917,36.68,36.69,36.65,36.65,10000
LEI,20140917,0.61,0.64,0.61,0.64,48000
LEMB,20140917,49.97,50.01,49.45,49.69,15000
LGL,20140917,4.45,4.45,4.45,4.45,100
LGLV,20140917,73.76,73.76,73.76,73.76,2100
LIQT,20140917,1.75,1.86,1.61,1.86,234900
LIT,20140917,13.5,13.5,13.31,13.39,13900
LMLP,20140917,23.72,23.8,23.59,23.73,20500
LNG,20140917,83.83,84.97,83.25,84.29,1493300
LODE,20140917,1.33,1.35,1.26,1.32,344100
LOV,20140917,5.07,5.07,4.96,5.06,44400
LQD,20140917,117.85,117.91,117.26,117.32,1763200
LQDH,20140917,98.8,98.8,98.8,98.8,300
LSC,20140917,6.13,6.17,6.13,6.15,2500
LSG,20140917,1.06,1.09,1.01,1.03,567300
LTPZ,20140917,63.45,63.45,62.63,62.63,4700
LTS,20140917,3.78,3.82,3.68,3.7,187100
LTS-A,20140917,23.11,23.11,23.01,23.11,31300
LVL,20140917,13.54,13.54,13.37,13.37,15400
LWC,20140917,39.99,40.08,39.65,39.65,20800
MATL,20140917,71.13,71.13,68.38,68.69,1400
MBB,20140917,107.73,107.86,107.51,107.51,598700
MBG,20140917,27.12,27.12,27.11,27.11,900
MCF,20140917,36.66,37.19,36.32,36.75,211500
MCHI,20140917,50.15,50.31,49.75,49.87,371900
MCRO,20140917,26.56,26.56,26.35,26.55,9800
MCZ,20140917,0.52,0.53,0.5,0.52,121400
MDD,20140917,33.13,33.25,32.89,32.89,11800
MDGN,20140917,5.88,5.88,5.4,5.55,66800
MDLL,20140917,41.43,41.43,41.17,41.17,400
MDM,20140917,5.14,5.16,5.03,5.04,17100
MDW,20140917,1.01,1.03,1,1.02,842100
MDY,20140917,259.69,260.76,258.43,259.26,2961600
MDYG,20140917,117.22,117.23,116.64,116.77,2800
MDYV,20140917,85.91,86.17,85.57,85.65,6100
MEA,20140917,1.18,1.19,1.16,1.17,47100
MES,20140917,34.11,34.44,34.02,34.25,10300
MGC,20140917,68.78,69.05,68.46,68.74,26800
MGH,20140917,0.39,0.41,0.39,0.4,49100
MGK,20140917,78.75,79.13,78.42,78.81,65600
MGN,20140917,0.68,0.71,0.66,0.68,14100
MGT,20140917,1.15,1.19,0.94,0.94,177100
MGV,20140917,59.93,60.2,59.73,59.93,30700
MHC,20140917,11.53,11.53,11.53,11.53,15200
MHE,20140917,13.71,13.73,13.71,13.73,1300
MHH,20140917,11.56,11.56,11.46,11.55,2000
MHM,20140917,14.31,14.31,14.31,14.31,16100
MHR-C,20140917,25.89,26.08,25.85,26.08,9200
MHR-D,20140917,49.43,49.7,49.41,49.59,5000
MHR-E,20140917,26.82,27.21,26.82,27.21,1000
MIDU,20140917,93.88,95,93.17,93.48,24600
MIDZ,20140917,13.67,13.91,13.61,13.82,16500
MINC,20140917,49.7,49.74,49.63,49.68,12600
MINT,20140917,101.47,101.51,101.46,101.47,127000
MLN,20140917,19.35,19.42,19.34,19.37,4500
MLPA,20140917,17.3,17.35,17.28,17.33,25100
MLPC,20140917,30.36,30.47,30.35,30.47,700
MLPG,20140917,41.51,41.51,41.46,41.46,1100
MLPI,20140917,45.28,45.63,45.1,45.48,142500
MLPJ,20140917,17.46,17.49,17.39,17.46,7900
MLPL,20140917,71.65,73.37,71.57,72.52,71300
MLPN,20140917,36.3,36.3,35.69,35.98,42400
MLPS,20140917,9.91,9.91,9.91,9.91,200
MLPW,20140917,39.5,39.5,39.5,39.5,100
MLPX,20140917,20.28,20.36,20.2,20.28,34600
MLPY,20140917,19.69,19.69,19.69,19.69,100
MMTM,20140917,85.44,85.44,85.14,85.14,1300
MMV,20140917,13.16,13.16,13.16,13.16,100
MNA,20140917,27.64,27.64,27.5,27.52,15300
MOAT,20140917,31.71,31.82,31.62,31.67,170200
MOC,20140917,2.18,2.24,2.15,2.21,10000
MOM,20140917,23.6,24.56,23.6,24.36,9700
MONY,20140917,52.8,52.8,52.8,52.8,200
MOO,20140917,53.66,53.84,53.53,53.54,218600
MORL,20140917,21.55,21.79,21.39,21.51,299300
MORT,20140917,24.71,24.71,24.54,24.54,15800
MSC,20140917,15.03,15.03,15.03,15.03,5500
MSN,20140917,1.95,2.05,1.95,1.97,197600
MSTX,20140917,0.59,0.59,0.58,0.59,583700
MTK,20140917,97.88,98.25,97.88,98.25,700
MTUM,20140917,65.75,66.08,65.52,65.76,56500
MUB,20140917,109.12,109.26,109.05,109.12,183700
MUNI,20140917,53.51,53.51,53.32,53.32,20000
MVF,20140917,9.5,9.53,9.5,9.53,188400
MVG,20140917,8.61,8.74,8.28,8.34,18100
MVV,20140917,71.04,71.54,70.36,70.82,431400
MXA,20140917,15.48,15.48,15.35,15.43,3900
MXC,20140917,7.53,7.53,7.42,7.51,6400
MXI,20140917,62.68,62.82,62.19,62.38,45900
MXN,20140917,14.28,14.28,14.05,14.18,5400
MYY,20140917,16.92,16.99,16.89,16.97,42000
MZA,20140917,14.94,14.95,14.94,14.95,200
MZZ,20140917,44.66,44.99,44.61,44.92,900
NAGS,20140917,12.32,12.32,12.32,12.32,100
NAK,20140917,0.6,0.62,0.6,0.62,90800
NASH,20140917,29.7,29.7,29.7,29.7,100
NAVB,20140917,1.27,1.35,1.27,1.29,353000
NBH,20140917,14.86,14.93,14.86,14.89,33700
NBO,20140917,13.33,13.52,13.33,13.33,12800
NBW,20140917,15.03,15.09,14.95,14.95,7500
NBY,20140917,0.73,0.77,0.73,0.76,237900
NCB,20140917,16.23,16.23,16.14,16.14,4900
NCQ,20140917,1.03,1.04,1,1.01,62900
NEAR,20140917,50.15,50.18,50.14,50.15,110900
NEN,20140917,48,48,48,48,2300
NFO,20140917,48.7,48.79,48.58,48.64,11000
NFRA,20140917,46.31,46.38,46.21,46.34,13600
NG,20140917,3.55,3.58,3.5,3.53,939400
NGD,20140917,6.11,6.14,5.96,5.98,2425500
NGE,20140917,14.84,14.95,14.81,14.81,15500
NHC,20140917,57.44,58.22,56.42,56.84,16800
NHC-A,20140917,15.23,15.24,15.15,15.15,4000
NHS,20140917,13.06,13.08,13.05,13.08,34200
NIB,20140917,40,41.48,40,41.26,16300
NINI,20140917,32.2,32.2,32.2,32.2,100
NJV,20140917,14.16,14.22,14.15,14.15,4200
NKY,20140917,17.54,17.61,17.45,17.55,196200
NLR,20140917,50.95,50.97,50.74,50.74,900
NML,20140917,21.07,21.25,20.9,21.06,256900
NMZ,20140917,12.84,12.92,12.83,12.9,107600
NNVC,20140917,3.74,3.74,3.59,3.62,159200
NOBL,20140917,46.88,46.99,46.74,46.8,23800
NOG,20140917,16.58,16.58,16,16.02,810600
NOM,20140917,14.87,15,14.87,15,600
NORW,20140917,16.69,16.76,16.64,16.64,10100
NPN,20140917,15.15,15.15,15.15,15.15,3000
NRO,20140917,4.91,4.95,4.91,4.93,119200
NSPR,20140917,2.23,2.39,2.06,2.14,81300
NSU,20140917,3.95,4.03,3.93,3.95,225000
NTN,20140917,0.38,0.39,0.37,0.37,14500
NUGT,20140917,33,33.18,30.36,30.57,5841500
NUJ,20140917,13.05,13.09,13.04,13.04,22300
NVG,20140917,14.45,14.51,14.45,14.49,72600
NVX,20140917,13.76,13.84,13.76,13.77,15500
NXJ,20140917,13.31,13.35,13.3,13.35,17400
NXK,20140917,13.05,13.07,13.03,13.03,27400
NXZ,20140917,13.68,13.7,13.64,13.65,110800
NY,20140917,90.11,90.57,89.86,90.06,21600
NYC,20140917,100.3,100.8,100.3,100.35,7100
NYF,20140917,110.53,110.53,110.13,110.13,7000
NYH,20140917,11.88,11.9,11.77,11.77,12000
NYV,20140917,14.41,14.53,14.41,14.5,3600
NZF,20140917,14.01,14.05,13.99,14.03,110100
NZH,20140917,12.53,12.66,12.53,12.66,49500
OEF,20140917,89.61,90.01,89.18,89.63,649900
OESX,20140917,5.53,5.61,5.47,5.5,44700
OGCP,20140917,15.53,15.53,15.39,15.5,3100
OGEN,20140917,1.3,1.37,1.3,1.31,23500
OIH,20140917,52.52,52.79,51.78,51.92,4284700
OIL,20140917,23.03,23.05,22.81,22.86,104800
OLO,20140917,14.02,14.02,12.99,12.99,700
ONEK,20140917,94.7,94.91,94.33,94.9,6700
ONP,20140917,1.58,1.59,1.57,1.59,32200
ONVO,20140917,7.08,7.18,7,7.02,616900
ORC,20140917,13.95,14.03,13.93,13.97,335500
ORM,20140917,16.15,16.34,16.08,16.34,8500
OSMS,20140917,27.9,27.9,27.9,27.9,400
OUNZ,20140917,12.35,12.36,12.22,12.22,32200
PAF,20140917,57.9,57.9,57.9,57.9,300
PAL,20140917,0.23,0.24,0.23,0.24,2174800
PALL,20140917,81.95,81.95,80.94,81.01,22700
PARR,20140917,15.79,16,15.42,15.5,55700
PBD,20140917,13.5,13.55,13.43,13.43,5600
PBE,20140917,46.44,46.64,46.15,46.4,36900
PBJ,20140917,28.86,28.93,28.8,28.83,17400
PBP,20140917,21.9,21.94,21.85,21.94,163200
PBS,20140917,25.35,25.51,25.34,25.36,162500
PBW,20140917,6.75,6.9,6.75,6.84,302900
PCEF,20140917,24.57,24.69,24.57,24.66,157200
PCG-A,20140917,27.98,28,27.87,27.9,4200
PCG-B,20140917,25.9,25.9,25.44,25.44,3600
PCG-C,20140917,24.2,24.21,24.2,24.2,800
PCG-D,20140917,23.5,23.5,23.36,23.36,1100
PCG-E,20140917,23.63,23.63,23.63,23.63,700
PCG-G,20140917,22.71,22.71,22.71,22.71,200
PCG-H,20140917,21.25,21.25,21.25,21.25,100
PCG-I,20140917,22.3,22.3,22.2,22.2,3700
PCY,20140917,28.7,28.7,28.55,28.55,1402600
PDN,20140917,28.25,28.33,28.2,28.24,5600
PDP,20140917,40.27,40.41,40.08,40.24,127000
PED,20140917,1.49,1.64,1.48,1.6,49100
PEJ,20140917,33.44,33.64,33.35,33.54,13700
PEK,20140917,31.93,32.18,31.78,31.78,28400
PEX,20140917,42.95,42.95,42.95,42.95,200
PEY,20140917,12.69,12.72,12.63,12.67,92900
PEZ,20140917,43.2,43.2,42.82,43.07,3400
PFF,20140917,39.23,39.38,39.23,39.34,1074100
PFI,20140917,29.18,29.3,28.97,29.25,4900
PFIG,20140917,25.36,25.42,25.3,25.32,2400
PFM,20140917,21.18,21.25,21.14,21.2,26900
PFNX,20140917,6.4,6.69,6.38,6.38,37900
PFXF,20140917,20.57,20.57,20.41,20.44,34700
PGAL,20140917,14.46,14.5,14.38,14.38,16300
PGF,20140917,17.88,17.89,17.84,17.87,186000
PGHY,20140917,24.14,24.14,24.13,24.13,1100
PGJ,20140917,31.73,31.98,31.65,31.76,68900
PGM,20140917,29.81,29.81,29.81,29.81,100
PGX,20140917,14.35,14.37,14.35,14.36,368400
PHB,20140917,19.21,19.25,19.2,19.21,135900
PHDG,20140917,28.82,28.91,28.76,28.84,102700
PHF,20140917,8.3,8.33,8.29,8.3,29400
PHO,20140917,25.52,25.64,25.45,25.47,41200
PHYS,20140917,10.25,10.25,10.09,10.1,503800
PICB,20140917,29.49,29.77,29.26,29.3,33600
PICK,20140917,20.11,20.11,19.5,19.5,15600
PID,20140917,19.37,19.38,19.25,19.29,237900
PIE,20140917,19.39,19.4,19.11,19.14,260300
PIN,20140917,22.09,22.19,21.91,21.91,765600
PIO,20140917,23.64,23.7,23.51,23.51,20700
PIP,20140917,1.87,1.94,1.83,1.84,446400
PIZ,20140917,25.25,25.34,25.17,25.21,249300
PJP,20140917,64.12,64.61,64.06,64.3,125200
PKB,20140917,21.97,22.17,21.93,22.03,8000
PKW,20140917,45.96,46.28,45.88,46.08,400700
PLG,20140917,1.02,1.03,1,1,191000
PLM,20140917,1.21,1.21,1.17,1.17,127200
PLND,20140917,22.48,22.54,22.27,22.37,17600
PLW,20140917,31.07,31.09,30.96,30.99,17000
PLX,20140917,2.42,2.57,2.41,2.54,398900
PMR,20140917,34.24,34.44,34.19,34.44,700
PPA,20140917,32.87,33.11,32.87,32.97,51100
PPH,20140917,63.73,64.07,63.65,63.84,160500
PPLT,20140917,132.75,132.75,131.27,131.49,26500
PRB,20140917,24.47,24.52,24.47,24.52,2600
PRF,20140917,90.14,90.53,89.73,90.13,156700
PRK,20140917,77.86,78.46,77.58,78.12,10200
PRN,20140917,47.15,47.56,47.15,47.47,4100
PSI,20140917,23.37,23.6,23.37,23.47,5700
PSJ,20140917,36.49,36.49,36.18,36.22,1900
PSK,20140917,43.66,43.78,43.55,43.72,28900
PSL,20140917,47.91,47.93,47.91,47.93,900
PSLV,20140917,7.56,7.59,7.48,7.49,217700
PSP,20140917,11.67,11.68,11.6,11.62,122500
PSQ,20140917,15.7,15.75,15.6,15.68,559200
PSR,20140917,66.03,66.05,65.98,66.01,1800
PST,20140917,26.83,27.07,26.76,27.05,174200
PTF,20140917,35.76,35.86,35.67,35.75,5000
PTH,20140917,50.73,51.07,50.67,51.07,5900
PTM,20140917,15.17,15.17,14.98,14.98,7600
PTN,20140917,0.9,0.91,0.87,0.89,97800
PUI,20140917,22.67,22.67,22.55,22.67,2500
PUW,20140917,32.36,32.36,32.25,32.25,1500
PVCT,20140917,1.1,1.14,1.05,1.06,1522500
PVI,20140917,24.96,24.96,24.96,24.96,4300
PW,20140917,9.36,9.59,9.36,9.59,1500
PW-A,20140917,25,25.31,25,25.31,3100
PWB,20140917,27.62,27.71,27.52,27.6,14800
PWC,20140917,73.5,73.55,73.2,73.29,3100
PWV,20140917,31.16,31.31,31.06,31.16,74100
PWZ,20140917,25.38,25.4,25.31,25.32,29800
PXE,20140917,35.57,35.68,35.3,35.35,15200
PXF,20140917,43.86,43.87,43.55,43.6,59200
PXH,20140917,22.26,22.27,22.04,22.04,33500
PXI,20140917,61.84,62.21,61.5,61.69,15500
PXJ,20140917,26.93,26.99,26.56,26.59,16700
PXLC,20140917,39.38,39.53,39.38,39.53,400
PXLG,20140917,32.25,32.26,32.2,32.2,3100
PXLV,20140917,30.61,30.62,30.48,30.62,300
PXMC,20140917,38.4,38.53,38.4,38.48,1300
PXMG,20140917,31,31.2,31,31.01,1500
PXMV,20140917,27.42,27.43,27.35,27.37,2100
PXQ,20140917,33.25,33.25,33.2,33.2,300
PXR,20140917,38.15,38.42,37.97,38,1500
PXSC,20140917,33.77,33.77,33.77,33.77,100
PXSG,20140917,24.38,24.39,24.34,24.34,600
PXSV,20140917,24.98,25.14,24.96,25.08,6500
PYZ,20140917,57.22,57.53,57.01,57.16,4900
PZA,20140917,24.93,24.98,24.92,24.95,129000
PZD,20140917,30.59,30.59,30.36,30.36,1500
PZG,20140917,0.93,0.97,0.92,0.92,481800
PZI,20140917,16.2,16.32,16.2,16.27,3400
PZT,20140917,24.01,24.04,23.98,24.04,5200
QAI,20140917,30.02,30.02,29.92,29.93,76900
QAUS,20140917,58.86,58.87,58.12,58.12,2700
QDEF,20140917,34.58,34.67,34.57,34.63,6200
QDF,20140917,35.7,35.75,35.58,35.67,24100
QDYN,20140917,36.05,36.05,36.05,36.05,100
QEH,20140917,28.48,28.48,28.48,28.48,100
QEM,20140917,55.9,55.9,55.9,55.9,100
QEMM,20140917,62.5,62.51,62.3,62.49,3400
QGBR,20140917,58.85,58.85,58.85,58.85,100
QID,20140917,44.19,44.58,43.65,44.05,2992300
QLD,20140917,126.66,128.25,125.64,127.12,1240500
QLTA,20140917,51.07,51.13,50.92,50.92,22600
QLTB,20140917,52.79,52.79,52.64,52.64,900
QLTC,20140917,52.41,52.41,52,52,2200
QMN,20140917,25.77,25.77,25.76,25.76,2500
QQQE,20140917,60.26,60.4,59.92,60.4,700
QRM,20140917,0.17,0.18,0.16,0.17,30800
QUAL,20140917,60.22,60.33,59.86,60.16,21000
QWLD,20140917,60.97,61.25,60.97,61.25,500
RALS,20140917,42.88,43.03,42.88,42.94,1000
RAVI,20140917,75.62,75.62,75.62,75.62,100
RBL,20140917,23.56,23.65,23.46,23.48,8600
RBY,20140917,1.39,1.39,1.28,1.29,377600
RCD,20140917,83.19,83.29,82.88,82.95,5300
RCG,20140917,1.56,1.56,1.48,1.52,35500
RDIV,20140917,28.62,28.7,28.55,28.59,7700
REE,20140917,0.92,0.92,0.85,0.88,219100
REED,20140917,6.09,6.19,6.01,6.07,32300
REET,20140917,24.67,24.69,24.5,24.62,18200
REI,20140917,15.25,15.45,14.92,15.04,115100
REK,20140917,22.5,22.65,22.5,22.6,17900
REM,20140917,12.53,12.57,12.48,12.48,968400
REMX,20140917,33.33,33.33,32.99,33.14,8000
RETL,20140917,78,78,76.55,77.3,2900
REW,20140917,15.14,15.24,15.01,15.11,8300
REZ,20140917,53.01,53.01,52.56,52.64,11400
RFG,20140917,127.5,127.92,126.75,127.49,28400
RFV,20140917,54.04,54.18,53.85,53.94,24500
RGI,20140917,87.74,87.78,87.21,87.36,5300
RGRA,20140917,19.87,19.87,19.87,19.87,500
RGRC,20140917,22.52,22.59,22.52,22.59,1200
RGRP,20140917,18.61,18.62,18.01,18.58,11200
RHS,20140917,98.74,98.74,98.15,98.3,9100
RIC,20140917,2.26,2.26,2.15,2.16,136100
RIF,20140917,19.15,19.43,19.15,19.34,26600
RIGS,20140917,25.02,25.08,25.01,25.06,19000
RINF,20140917,35.06,35.06,34.86,34.86,23800
RING,20140917,10.09,10.21,9.78,9.86,202400
RJA,20140917,7.21,7.24,7.19,7.21,126400
RJI,20140917,7.78,7.79,7.76,7.76,222100
RJN,20140917,6.69,6.7,6.64,6.65,6000
RJZ,20140917,8.74,8.8,8.73,8.74,100900
RKH,20140917,57.75,57.75,57.75,57.75,100
RLG-A,20140917,26.68,26.68,26.68,26.68,200
RLGT,20140917,3.15,3.22,3.15,3.2,35500
RLY,20140917,29.6,29.62,29.42,29.45,28900
RNN,20140917,0.76,0.81,0.75,0.76,1804200
ROM,20140917,145.7,146.36,145.06,146.18,3400
ROOF,20140917,26.01,26.12,25.93,26.07,19000
RORO,20140917,39.83,40.08,39.78,39.91,8700
ROX,20140917,1.14,1.22,1.13,1.17,1401000
RPG,20140917,78.71,79.04,78.2,78.62,79800
RPI,20140917,0.76,0.77,0.75,0.76,2000
RPV,20140917,54.7,54.84,54.44,54.57,201800
RPX,20140917,44.95,44.95,44.95,44.95,100
RRF,20140917,45.43,45.43,45.43,45.43,300
RSCO,20140917,85.56,86.12,85.56,85.88,1500
RSP,20140917,77.79,78.07,77.34,77.7,813500
RSX,20140917,23.97,24.15,23.84,23.89,9208700
RSXJ,20140917,32.76,32.98,32.5,32.5,61500
RTH,20140917,63.2,63.34,63.08,63.17,8200
RTL,20140917,39.67,39.78,39.28,39.56,2400
RTM,20140917,85.34,85.57,85.13,85.13,2300
RTR,20140917,41.38,41.38,41.38,41.38,100
RUSL,20140917,14.2,14.48,13.97,14.05,1190600
RUSS,20140917,12.18,12.37,11.95,12.3,293800
RVM,20140917,1.08,1.12,1.05,1.06,107700
RVNU,20140917,25.5,25.5,25.33,25.33,1700
RVP,20140917,2.96,3.04,2.94,3.02,11100
RWC,20140917,5.38,5.56,5.38,5.55,41900
RWG,20140917,45.8,45.8,45.73,45.73,400
RWJ,20140917,54.42,54.77,54.4,54.52,11100
RWK,20140917,47.73,48.02,47.71,47.78,16200
RWL,20140917,39.38,39.57,39.33,39.38,33400
RWM,20140917,16.46,16.5,16.32,16.42,1314600
RWO,20140917,45.77,46.01,45.61,45.61,225500
RWR,20140917,82.52,82.96,82.17,82.2,209900
RWV,20140917,56.74,56.74,56.74,56.74,100
RWW,20140917,48.42,48.47,48.32,48.47,5100
RWX,20140917,42.96,43.04,42.72,42.78,226200
RWXL,20140917,35.1,35.43,34.8,35.07,9100
RXD,20140917,18.41,18.41,18.41,18.41,100
RXI,20140917,83.27,83.63,83.06,83.15,46400
RXL,20140917,109.38,109.86,109.07,109.85,3800
RYE,20140917,86.79,86.9,86,86.09,13100
RYF,20140917,42.48,42.79,42.38,42.5,21100
RYH,20140917,130.25,130.77,129.7,130.33,60100
RYJ,20140917,34.76,35.02,34.69,34.86,5400
RYT,20140917,86.58,87.06,86.48,86.67,23200
RYU,20140917,73.44,73.71,73.1,73.29,5300
RZG,20140917,78.78,79.57,78.78,78.99,4100
RZV,20140917,62.12,62.41,61.75,62.02,10100
SAND,20140917,5.21,5.21,4.88,4.91,988100
SARA,20140917,1.42,1.47,1.4,1.46,72000
SBB,20140917,56.11,56.25,55.93,56.1,3300
SBI,20140917,9.64,9.73,9.64,9.69,14400
SBND,20140917,6.95,7.05,6.9,7.03,127100
SCC,20140917,16.05,16.05,16.05,16.05,100
SCE-B,20140917,19.79,20.45,19.79,20.31,2000
SCE-C,20140917,20.85,21.27,20.85,21.27,3500
SCE-D,20140917,22.55,22.55,22.51,22.52,1100
SCE-E,20140917,22.9,23,22.9,23,200
SCHA,20140917,53.8,54.09,53.56,53.81,98100
SCHB,20140917,48.66,48.87,48.44,48.63,205800
SCHC,20140917,32.39,32.51,32.23,32.23,41700
SCHD,20140917,39.09,39.25,38.96,39.08,312000
SCHE,20140917,27,27,26.75,26.76,149800
SCHF,20140917,32.04,32.1,31.85,31.9,298300
SCHG,20140917,50.03,50.24,49.81,50.02,84500
SCHH,20140917,35.16,35.37,35.02,35.04,109700
SCHM,20140917,40.16,40.32,40.05,40.11,95200
SCHO,20140917,50.55,50.57,50.53,50.53,24000
SCHP,20140917,54.47,54.47,54.12,54.15,52500
SCHR,20140917,52.86,52.89,52.72,52.75,28700
SCHV,20140917,43.55,43.72,43.45,43.53,90400
SCHX,20140917,47.98,48.17,47.75,47.96,194300
SCHZ,20140917,51.52,51.62,51.43,51.45,76200
SCIF,20140917,47.01,47.19,46.4,46.44,80900
SCIN,20140917,16.75,16.77,16.49,16.52,32400
SCJ,20140917,54.92,54.99,54.8,54.96,2800
SCO,20140917,29.39,29.94,29.18,29.82,1493100
SCPB,20140917,30.69,30.72,30.67,30.68,373900
SCZ,20140917,49.89,49.91,49.5,49.65,215600
SDA,20140917,15.49,15.49,15.47,15.47,5800
SDD,20140917,44.7,44.7,44.47,44.47,2000
SDIV,20140917,25.07,25.1,24.8,24.87,279700
SDOG,20140917,38.08,38.23,37.93,38.06,100600
SDOW,20140917,24.29,24.57,24,24.26,762400
SDP,20140917,15.33,15.33,15.3,15.3,3200
SDPI,20140917,7.5,7.5,6.99,7.18,53300
SDS,20140917,24.02,24.26,23.81,24.04,8658100
SDY,20140917,76.82,77.09,76.5,76.72,395900
SEA,20140917,22.37,22.44,22.31,22.31,68700
SEB,20140917,2805.78,2824.95,-1524.96,2771,100
SEF,20140917,18.89,18.9,18.79,18.79,9800
SGA,20140917,37.69,38.5,37.4,38.47,4100
SGAR,20140917,29.25,29.25,29.23,29.23,500
SGB,20140917,13.41,13.41,13.41,13.41,200
SGDM,20140917,22.33,22.33,21.72,21.75,19200
SGG,20140917,41.67,42.11,40.85,42.1,55900
SGOL,20140917,121.24,121.39,119.8,119.8,27300
SH,20140917,22.71,22.82,22.6,22.71,7464300
SHM,20140917,24.37,24.39,24.33,24.34,609100
SHV,20140917,110.27,110.27,110.26,110.27,119700
SHY,20140917,84.47,84.58,84.43,84.44,541600
SHYD,20140917,25.26,25.26,25.18,25.19,13500
SHYG,20140917,50,50,49.87,49.95,111400
SIF,20140917,27.8,27.8,27.03,27.4,1500
SIL,20140917,12.22,12.28,11.94,11.98,186300
SILJ,20140917,11.77,11.87,11.5,11.5,18100
SIM,20140917,13.21,13.51,13.21,13.49,8200
SINF,20140917,41.62,41.83,41.62,41.83,2100
SIVR,20140917,18.42,18.46,18.22,18.22,79100
SIZ,20140917,24.83,24.85,24.79,24.79,6100
SIZE,20140917,62.75,62.78,62.61,62.61,1300
SJB,20140917,27.98,27.98,27.74,27.78,28400
SJH,20140917,53.47,53.47,53.47,53.47,100
SJNK,20140917,30.22,30.22,30.14,30.2,825500
SKF,20140917,14.62,14.68,14.38,14.55,105500
SKK,20140917,38.75,38.99,38.65,38.65,1700
SKY,20140917,2.76,2.92,2.6,2.7,115800
SLI,20140917,48.9,49.12,48.27,49,11200
SLQD,20140917,50.42,50.42,50.37,50.4,3000
SLV,20140917,17.92,18.03,17.74,17.77,8743400
SLVP,20140917,11.46,11.6,11.17,11.19,16400
SLX,20140917,49.46,49.51,49.19,49.2,25000
SLY,20140917,102.31,102.91,102.04,102.45,3800
SLYG,20140917,175.25,176.69,175,175.82,11100
SLYV,20140917,107.99,107.99,107,107.32,31700
SMB,20140917,17.66,17.66,17.62,17.62,13000
SMDD,20140917,41.25,41.75,41.21,41.68,8600
SMEZ,20140917,53.04,53.04,52.87,53.04,900
SMH,20140917,51.67,52.15,51.59,51.85,1635800
SMIN,20140917,33.26,33.26,32.89,33.06,11600
SMLL,20140917,40.38,41.14,40.3,40.59,35000
SMLV,20140917,72.97,72.97,72.83,72.83,500
SMMU,20140917,50.4,50.46,50.4,50.4,3500
SMN,20140917,27.39,27.42,27.14,27.39,12200
SNLN,20140917,19.64,19.65,19.62,19.65,115000
SOIL,20140917,11.26,11.3,11.26,11.27,1500
SOQ,20140917,0.13,0.15,0.13,0.14,18900
SOXL,20140917,117.02,121,116.79,119.1,135900
SOXS,20140917,18.44,18.45,17.81,18.11,159300
SOYB,20140917,20.49,20.56,20.49,20.56,1900
SPFF,20140917,14.84,14.84,14.81,14.84,123200
SPGH,20140917,53.75,53.98,53.75,53.87,4500
SPHB,20140917,34.04,34.12,33.75,33.97,37600
SPHD,20140917,30.98,31.12,30.95,30.95,29300
SPHQ,20140917,21.79,21.89,21.75,21.8,31700
SPLV,20140917,35.14,35.28,35.02,35.11,401500
SPLX,20140917,29.07,29.29,28.92,29.03,6800
SPPP,20140917,9.52,9.54,9.43,9.44,81600
SPUU,20140917,44.13,44.52,43.74,44.1,17900
SPXH,20140917,30.18,30.31,30.1,30.21,6600
SPXL,20140917,81.32,82.38,80.09,81.23,1513200
SPXS,20140917,23.74,24.09,23.42,23.74,2530700
SPXU,20140917,43.61,44.26,43.01,43.64,4703000
SPY,20140917,200.77,201.68,199.75,200.75,151265800
SPYG,20140917,93.72,94.07,93.42,94.05,22500
SPYV,20140917,100.1,100.39,99.83,99.94,4600
SRLN,20140917,49.48,49.62,49.43,49.45,52600
SRS,20140917,15.5,15.61,15.35,15.6,103700
SRTY,20140917,38.35,38.6,37.34,38.04,828400
SSG,20140917,11.66,11.76,11.5,11.69,1900
SSN,20140917,0.34,0.35,0.34,0.35,343500
SSO,20140917,121.34,122.39,120.09,121.24,6048000
SST,20140917,30.01,30.06,30.01,30.06,800
SSY,20140917,1.36,1.58,1.36,1.46,10000
STIP,20140917,100.9,100.9,100.57,100.59,16100
STPP,20140917,37.35,37.35,37.32,37.32,300
STPZ,20140917,52.75,52.79,52.57,52.58,86800
STRP,20140917,9.8,10.35,9.75,9.97,206400
STS,20140917,7.64,7.74,7.53,7.55,15900
SUB,20140917,106.36,106.37,106.23,106.23,29500
SUBD,20140917,25.2,25.2,25.13,25.13,400
SVBL,20140917,0.24,0.24,0.22,0.23,126600
SVLC,20140917,1.74,1.76,1.7,1.72,150000
SVT,20140917,7.74,8.13,7.74,8.13,18200
SVXY,20140917,85.62,87.72,84.76,85.95,1427400
SYE,20140917,55.48,55.48,55.42,55.48,800
SYLD,20140917,31.35,31.4,31.17,31.34,36500
SYN,20140917,1.85,1.85,1.69,1.75,507400
SYRG,20140917,12.94,13.27,12.83,12.91,642000
SZK,20140917,29.99,30,29.98,29.98,500
SZO,20140917,38.8,39.19,37.7,37.8,6300
TAN,20140917,43.74,44.53,43.74,43.97,180900
TAO,20140917,22.2,22.24,22.1,22.11,75400
TAS,20140917,0.72,0.76,0.71,0.74,107500
TAT,20140917,9.6,9.87,9.58,9.64,29300
TBAR,20140917,24.83,25.23,24.2,24.27,17100
TBF,20140917,28.44,28.64,28.35,28.62,1257700
TBT,20140917,59.14,59.99,58.85,59.97,5289400
TBX,20140917,31.81,31.91,31.77,31.91,5000
TBZ,20140917,30.99,30.99,30.99,30.99,1000
TCHI,20140917,31.28,31.28,30.75,30.75,1000
TDD,20140917,24.62,24.62,24.62,24.62,400
TDH,20140917,27.46,27.46,27.46,27.46,100
TDN,20140917,28.34,28.34,28.34,28.34,100
TDTF,20140917,24.94,24.94,24.8,24.8,11400
TDTT,20140917,24.82,24.84,24.74,24.74,92200
TDV,20140917,29.5,29.5,29.48,29.48,1000
TECL,20140917,128.21,130.72,127.16,129.3,59200
TECS,20140917,13.29,13.36,13.02,13.17,28400
TENZ,20140917,83.02,83.17,83.02,83.11,2400
TFI,20140917,23.84,23.86,23.79,23.79,162400
TFLO,20140917,50.12,50.12,50.12,50.12,100
TGB,20140917,1.97,1.99,1.94,1.94,323800
TGC,20140917,0.47,0.48,0.46,0.47,225100
TGD,20140917,1.53,1.55,1.46,1.47,130100
TGR,20140917,33.91,33.91,33.79,33.79,15500
THD,20140917,83.77,84.16,83.05,83.09,354600
THHY,20140917,24.8,24.8,24.8,24.8,100
THM,20140917,0.6,0.6,0.56,0.57,180300
THRK,20140917,150.88,150.88,150.28,150.41,2800
TIK,20140917,5.45,5.7,5.45,5.52,2100
TILT,20140917,85.74,86.03,85.62,85.76,12200
TIP,20140917,112.66,112.72,112,112,648600
TIPX,20140917,19.51,19.51,19.51,19.51,500
TIPZ,20140917,56.97,57.03,56.68,56.68,7100
TIS,20140917,25.3,25.71,25.23,25.36,53400
TLH,20140917,129.01,129.11,128.34,128.34,24900
TLO,20140917,66.25,66.28,65.72,65.74,53300
TLR,20140917,0.07,0.08,0.07,0.07,219200
TLT,20140917,113.53,113.83,112.73,112.8,12917500
TLTD,20140917,64.04,64.1,63.75,63.82,12000
TLTE,20140917,55.32,55.32,55.09,55.09,6300
TMF,20140917,62.18,62.6,60.89,60.97,230800
TMP,20140917,45.25,45.44,45,45.29,13900
TMV,20140917,46.16,47.15,45.8,47.09,981200
TNA,20140917,72.48,74.33,71.95,72.95,6537300
TNDQ,20140917,39.57,39.85,39.53,39.66,10800
TOF,20140917,4.05,4.27,4.05,4.25,1100
TOK,20140917,55.26,55.37,55.19,55.2,7600
TOLZ,20140917,45.02,45.14,44.95,44.95,2300
TOTS,20140917,20.49,20.56,20.49,20.5,1900
TPI,20140917,0.64,0.65,0.61,0.62,33500
TPLM,20140917,11.56,11.95,11.53,11.72,1358300
TRND,20140917,39.62,39.69,39.33,39.54,48300
TRNM,20140917,34.98,34.98,34.8,34.86,15700
TRSK,20140917,28.39,28.4,28.3,28.32,45900
TRT,20140917,4.33,4.33,4.2,4.3,3500
TRX,20140917,2.36,2.45,2.28,2.36,425400
TRXC,20140917,3.72,4.01,3.68,3.95,73800
TTFS,20140917,52.58,52.77,52.45,52.65,11400
TTT,20140917,60.6,62,60.41,61.96,65100
TUR,20140917,53.54,53.84,52.65,52.87,346700
TUZ,20140917,50.9,50.91,50.86,50.86,16000
TWM,20140917,45.3,45.54,44.56,45.1,1728500
TWOK,20140917,69,69.04,68.68,69.04,26000
TWTI,20140917,20.37,20.37,20.37,20.37,100
TXMD,20140917,5.44,5.67,5.37,5.49,1966600
TYBS,20140917,26.06,26.06,25.94,26,900
TYD,20140917,40.39,40.39,40.39,40.39,100
TYO,20140917,21.32,21.59,21.24,21.55,4300
TYTE,20140917,40.57,40.57,40.57,40.57,100
TZA,20140917,14.97,15.08,14.59,14.87,18703800
TZD,20140917,36.33,36.33,36.33,36.33,100
TZE,20140917,39.01,39.01,38.87,38.87,2500
TZG,20140917,40.8,40.88,40.71,40.71,33100
TZI,20140917,42.28,42.32,42.14,42.21,8500
TZL,20140917,43.59,43.68,43.5,43.5,10800
TZO,20140917,44.42,44.5,44.31,44.32,3800
TZV,20140917,45.37,45.37,45.23,45.23,1700
TZW,20140917,35.57,35.57,35.57,35.57,200
TZY,20140917,35.84,35.84,35.84,35.84,100
UAG,20140917,21.51,21.51,21.51,21.51,100
UAMY,20140917,1.28,1.5,1.27,1.46,99000
UBG,20140917,32.2,32.24,32.17,32.17,10400
UBM,20140917,17.53,17.57,17.53,17.56,9500
UBR,20140917,55.85,56.91,54,54,5800
UBT,20140917,64.94,65.02,63.65,64,39500
UCC,20140917,83.28,83.71,83.28,83.35,500
UCD,20140917,18.02,18.11,18,18.09,4800
UCI,20140917,19.95,19.95,19.77,19.77,8200
UCO,20140917,31.84,32.07,31.24,31.39,958400
UDN,20140917,25.68,25.7,25.47,25.52,107800
UDNT,20140917,14.99,15.29,14.92,14.95,4800
UDOW,20140917,126.78,128.27,125.29,126.83,152400
UEC,20140917,1.4,1.43,1.4,1.4,267100
UGA,20140917,56.15,56.31,55.77,56.02,8300
UGAZ,20140917,15.78,15.93,15.58,15.75,4949900
UGE,20140917,88.73,88.73,88.16,88.64,800
UGL,20140917,42.51,42.55,41.48,41.48,27200
UHN,20140917,30.92,30.92,30.92,30.92,100
UKF,20140917,127.48,127.48,127.48,127.48,100
UKK,20140917,96.05,96.05,96,96,600
UKW,20140917,111.72,111.72,111.72,111.72,100
ULE,20140917,22.87,22.98,22.55,22.55,33100
ULST,20140917,40.12,40.12,40.12,40.12,100
UMDD,20140917,111.25,111.36,108.53,109.61,8400
UMX,20140917,49.2,49.2,48.6,48.6,1500
UNG,20140917,21.86,21.95,21.79,21.87,2939800
UNL,20140917,18.1,18.12,18.05,18.06,14000
UPRO,20140917,122.88,124.46,121,122.78,1690000
UPV,20140917,51.19,51.19,50.68,50.68,400
UPW,20140917,88,88.11,87.2,87.2,5700
UQM,20140917,1.39,1.44,1.36,1.36,108400
URA,20140917,14.08,14.26,14.02,14.19,220100
URE,20140917,89.96,90.5,88.88,89.02,65900
URG,20140917,1.07,1.1,1.05,1.08,438900
URTH,20140917,72.51,73.29,72.51,72.56,15300
URTY,20140917,83.1,85.3,82.66,83.77,167300
URZ,20140917,1.13,1.21,1.13,1.2,484000
USAG,20140917,22.68,22.76,22.68,22.75,400
USCI,20140917,56.18,56.25,56.03,56.06,94900
USD,20140917,84.56,85.78,84.27,84.89,7400
USDU,20140917,25.51,25.72,25.51,25.72,7600
USL,20140917,43.33,43.41,42.96,43.03,10900
USMI,20140917,22.19,22.53,22.14,22.15,4700
USMV,20140917,38.06,38.24,37.97,38.11,165100
USO,20140917,35.24,35.37,34.91,35.01,5156200
UST,20140917,53.77,53.92,53.25,53.28,703400
USV,20140917,25.28,25.43,25.25,25.25,10300
UTG,20140917,29.48,29.48,29.22,29.28,65500
UTLT,20140917,28.04,28.18,28.04,28.15,4300
UUP,20140917,22.37,22.55,22.36,22.53,2058600
UUPT,20140917,22.72,22.72,21.92,22.23,5500
UUUU,20140917,7.24,7.32,7.21,7.32,30600
UVXY,20140917,23.82,24.22,22.59,23.62,12724700
UWC,20140917,97.25,97.25,97.19,97.19,1400
UWM,20140917,82.82,84.27,82.49,83.26,240000
UWN,20140917,1.22,1.25,1.18,1.19,29800
UWTI,20140917,29.26,29.26,28.28,28.48,10500
UXI,20140917,110.27,110.53,108.9,109.62,3200
UYG,20140917,132.84,134.75,132.16,133.24,51800
UYM,20140917,57,57.48,56.65,57,10700
VAW,20140917,112.95,113.55,112.52,112.93,63300
VB,20140917,115.35,116.05,114.89,115.4,251000
VBK,20140917,124.64,125.46,124.2,124.82,70900
VBR,20140917,104.42,104.93,103.98,104.39,116200
VCF,20140917,14.25,14.48,14.25,14.33,7500
VCR,20140917,111.29,111.75,110.94,111.29,63400
VDC,20140917,118.25,118.47,117.83,118,59800
VDE,20140917,137.65,137.85,136.51,136.76,201000
VEA,20140917,41.16,41.23,40.89,40.97,2500200
VEGA,20140917,26.38,26.38,26.36,26.36,5900
VEGI,20140917,27.15,27.15,27.06,27.06,1100
VEU,20140917,51.37,51.42,51.02,51.1,620100
VFH,20140917,47.33,47.74,47.27,47.49,195100
VFL,20140917,12.76,12.8,12.68,12.72,19400
VGK,20140917,57.46,57.58,57.05,57.15,4581000
VGT,20140917,101.26,101.84,100.89,101.4,231800
VGZ,20140917,0.48,0.49,0.45,0.46,68800
VHC,20140917,8.36,8.88,7.5,7.62,3989400
VHT,20140917,117.9,118.6,117.35,118.13,197900
VIG,20140917,78.52,78.78,78.2,78.49,628800
VII,20140917,2.84,2.95,2.7,2.78,263600
VIOG,20140917,99.95,100.3,99.95,100.2,1000
VIOO,20140917,98.2,98.85,98.12,98.33,5200
VIOV,20140917,97.12,97.44,97,97.1,3400
VIS,20140917,104.22,104.8,103.95,104.33,86800
VISI,20140917,9.02,9.02,8.96,8.96,800
VIXH,20140917,24.27,24.29,24.27,24.29,200
VIXM,20140917,14.93,14.98,14.74,14.92,46600
VIXY,20140917,18.47,18.65,18.02,18.4,1640200
VKI,20140917,11.15,11.16,11.14,11.16,98900
VLUE,20140917,64.81,64.82,64.64,64.78,2400
VMM,20140917,13.48,13.57,13.46,13.57,8500
VNM,20140917,22.92,22.98,22.75,22.89,186600
VNQ,20140917,74.41,74.85,74.1,74.2,3340100
VO,20140917,120.33,120.7,119.63,120.13,797400
VOE,20140917,87.15,87.42,86.72,87.03,183000
VOO,20140917,184.1,184.92,183.2,184.08,975000
VOOG,20140917,96.96,97.4,96.66,96.96,14800
VOOV,20140917,88.6,88.82,88.45,88.74,12600
VOT,20140917,98.61,99.08,98.2,98.61,58200
VOX,20140917,87.84,88.45,87.73,87.99,58800
VPL,20140917,61.18,61.19,60.59,60.75,314000
VPU,20140917,93.84,93.9,92.93,93.29,102500
VQT,20140917,151.57,151.91,151.18,151.45,46300
VRP,20140917,25.08,25.08,24.9,24.94,41800
VSPY,20140917,60.43,60.72,60.18,60.44,27000
VSR,20140917,3.28,3.3,3.28,3.3,400
VSS,20140917,106.59,106.59,105.67,106,118200
VT,20140917,62.26,62.38,61.95,62.04,398000
VTG,20140917,1.65,1.68,1.62,1.64,857800
VTI,20140917,103.7,104.16,103.19,103.65,2085200
VTV,20140917,83.08,83.4,82.71,83.04,577300
VUG,20140917,101.31,101.76,100.79,101.29,653500
VV,20140917,92.29,92.66,91.85,92.25,113400
VWO,20140917,44.65,44.7,44.16,44.2,17700000
VXF,20140917,86.92,87.34,86.55,86.89,273900
VXX,20140917,27.76,28,27.04,27.63,52325600
VXZ,20140917,12.23,12.32,12.09,12.22,1007500
VYM,20140917,67.69,68,67.45,67.71,567100
WBIA,20140917,25.12,25.12,25.01,25.07,1500
WBIB,20140917,24.79,24.79,24.73,24.79,4600
WBIC,20140917,24.9,24.96,24.9,24.93,3200
WBID,20140917,24.98,24.99,24.98,24.99,1600
WBIE,20140917,24.94,24.94,24.84,24.87,2700
WBIF,20140917,24.83,24.83,24.79,24.79,3100
WBIG,20140917,24.89,24.89,24.82,24.89,3100
WBIH,20140917,24.75,24.76,24.73,24.73,8100
WBII,20140917,24.7,24.71,24.69,24.71,9900
WBIL,20140917,25.14,25.14,25.09,25.09,2500
WDIV,20140917,68.05,68.05,67.74,67.81,1600
WDTI,20140917,42.56,42.77,42.56,42.77,7700
WEAT,20140917,11.39,11.45,11.36,11.45,21700
WGA,20140917,1.21,1.24,1.21,1.24,10000
WIP,20140917,60.04,60.04,59.45,59.54,35500
WITE,20140917,38.17,38.26,37.81,37.81,2000
WMCR,20140917,26.82,26.96,26.76,26.78,2300
WMW,20140917,21.51,21.51,21.51,21.51,200
WPS,20140917,37.91,37.91,37.67,37.76,7400
WREI,20140917,41.23,41.37,41.15,41.33,44700
WRN,20140917,0.63,0.64,0.63,0.63,1500
WTT,20140917,2.57,2.65,2.56,2.56,29800
WYDE,20140917,39.74,39.79,39.58,39.65,2400
WYY,20140917,1.62,1.71,1.61,1.68,522700
XAR,20140917,103.79,103.98,103.31,103.98,900
XBI,20140917,158.95,161.16,158.38,159.79,380100
XES,20140917,43.33,43.52,42.93,42.96,35400
XHB,20140917,31.51,31.77,31.18,31.49,5232600
XHE,20140917,77.3,77.5,77.3,77.31,8200
XHS,20140917,105.09,105.09,104.34,104.53,1900
XLB,20140917,50.31,50.62,50.15,50.35,5159800
XLE,20140917,95.59,95.77,94.56,94.84,11069300
XLF,20140917,23.53,23.71,23.44,23.58,44589200
XLG,20140917,140,140.69,139.79,140.49,6000
XLI,20140917,54.43,54.75,54.23,54.48,9723200
XLK,20140917,40.27,40.51,40.12,40.36,7654400
XLP,20140917,45.56,45.7,45.42,45.51,10475900
XLU,20140917,43.02,43.15,42.63,42.85,15543400
XLV,20140917,64.47,64.81,64.09,64.56,6704200
XLY,20140917,68.36,68.72,68.12,68.39,6408800
XME,20140917,42.14,42.28,41.77,41.85,1906400
XMLV,20140917,30.8,30.8,30.65,30.71,4400
XMPT,20140917,25.48,25.54,25.44,25.46,10600
XOP,20140917,75.14,75.4,74.37,74.55,7249400
XOVR,20140917,26.32,26.37,26.2,26.36,25000
XPH,20140917,107.84,109.09,107.45,108.48,72000
XPL,20140917,1.22,1.35,1.22,1.31,28100
XPP,20140917,64.95,65.42,64,64.27,8300
XRA,20140917,0.66,0.67,0.64,0.64,117500
XRT,20140917,89.13,89.56,88.84,89.19,955800
XSD,20140917,75.65,76.64,75.65,76.17,30000
XSLV,20140917,31.05,31.21,31.04,31.09,3800
XSW,20140917,88.19,88.19,88.19,88.19,400
XTL,20140917,57.6,57.6,57.22,57.39,3100
XTN,20140917,96.33,97,95.73,96.47,41000
XVZ,20140917,29.76,29.76,29.76,29.76,200
XXII,20140917,2.6,2.62,2.46,2.57,389900
YANG,20140917,14.21,14.64,14.14,14.43,41500
YAO,20140917,28.37,28.57,28.37,28.45,6500
YCL,20140917,17.63,17.65,17.58,17.58,600
YCS,20140917,72.51,73.99,72.5,73.8,946200
YGRO,20140917,19.82,19.82,19.79,19.81,2600
YINN,20140917,34.14,34.2,33,33.34,194600
YMLI,20140917,22.73,22.77,22.7,22.75,9200
YMLP,20140917,18.28,18.33,18.22,18.3,78000
YUMA,20140917,5.11,5.33,5.01,5.19,70100
YXI,20140917,29.97,30.1,29.97,30.04,400
YYY,20140917,23.81,23.86,23.8,23.83,27300
ZBB,20140917,1.03,1.04,1.01,1.02,128600
ZBZX,20140917,2,2,2,2,100
ZMLP,20140917,42.74,42.85,42.7,42.82,16000
ZROZ,20140917,101.06,101.48,100,100.1,7400
ZSL,20140917,90.82,92.44,89.89,92.28,50400
ZVV,20140917,8.99,8.99,8.99,8.99,100
